DATOS:  0.04, 20.00, 14.88
DATOS:  0.05, 20.00, 22.72
DATOS:  0.05, 20.00, 33.28
DATOS:  0.06, 20.00, 43.84
DATOS:  0.07, 20.00, 54.40
DATOS:  0.08, 20.01, 64.96
DATOS:  0.09, 20.02, 75.51
DATOS:  0.10, 20.04, 86.07
DATOS:  0.10, 20.06, 96.62
DATOS:  0.11, 20.08, 107.17
DATOS:  0.12, 20.10, 117.72
DATOS:  0.13, 20.13, 128.26
DATOS:  0.14, 20.16, 138.80
DATOS:  0.15, 20.20, 149.33
DATOS:  0.15, 20.23, 159.86
DATOS:  0.16, 20.28, 170.38
DATOS:  0.17, 20.32, 180.90
DATOS:  0.18, 20.37, 191.41
DATOS:  0.19, 20.42, 201.91
DATOS:  0.20, 20.47, 212.41
DATOS:  0.20, 20.53, 222.89
DATOS:  0.21, 20.59, 233.37
DATOS:  0.22, 20.66, 243.85
DATOS:  0.23, 20.72, 254.31
DATOS:  0.24, 20.81, 264.76
DATOS:  0.25, 20.88, 275.20
DATOS:  0.26, 20.96, 285.63
DATOS:  0.26, 21.04, 296.06
DATOS:  0.27, 21.12, 306.47
DATOS:  0.28, 21.21, 316.86
DATOS:  0.29, 21.30, 327.25
DATOS:  0.30, 21.39, 337.63
DATOS:  0.31, 21.48, 347.99
DATOS:  0.31, 21.58, 358.34
DATOS:  0.32, 21.68, 368.67
DATOS:  0.33, 21.79, 379.00
DATOS:  0.34, 21.89, 389.30
DATOS:  0.35, 22.00, 399.60
DATOS:  0.36, 22.11, 409.88
DATOS:  0.36, 22.23, 420.14
DATOS:  0.37, 22.35, 430.39
DATOS:  0.38, 22.47, 440.62
DATOS:  0.39, 22.59, 450.83
DATOS:  0.40, 22.72, 461.03
DATOS:  0.41, 22.85, 471.21
DATOS:  0.41, 22.98, 481.38
DATOS:  0.42, 23.12, 491.52
DATOS:  0.43, 23.25, 501.65
DATOS:  0.44, 23.39, 511.76
DATOS:  0.45, 23.54, 521.85
DATOS:  0.46, 23.68, 531.92
DATOS:  0.46, 23.83, 541.97
DATOS:  0.47, 23.98, 552.00
DATOS:  0.48, 24.14, 562.01
DATOS:  0.49, 24.29, 572.00
DATOS:  0.50, 24.45, 581.97
DATOS:  0.51, 24.61, 591.92
DATOS:  0.51, 24.78, 601.84
DATOS:  0.52, 24.94, 611.75
DATOS:  0.53, 25.11, 621.63
DATOS:  0.54, 25.28, 631.49
DATOS:  0.55, 25.46, 641.33
DATOS:  0.56, 25.63, 651.14
DATOS:  0.56, 25.81, 660.93
DATOS:  0.57, 25.99, 670.69
DATOS:  0.58, 26.17, 680.43
DATOS:  0.59, 26.36, 690.15
DATOS:  0.60, 26.55, 699.84
DATOS:  0.61, 26.74, 709.51
DATOS:  0.61, 26.93, 719.15
DATOS:  0.62, 27.12, 728.77
DATOS:  0.63, 27.32, 738.36
DATOS:  0.64, 27.52, 747.92
DATOS:  0.65, 27.72, 757.46
DATOS:  0.66, 27.93, 766.97
DATOS:  0.66, 28.13, 776.45
DATOS:  0.67, 28.34, 785.90
DATOS:  0.68, 28.55, 795.33
DATOS:  0.69, 28.76, 804.73
DATOS:  0.70, 28.98, 814.10
DATOS:  0.71, 29.19, 823.44
DATOS:  0.71, 29.41, 832.76
DATOS:  0.72, 29.63, 842.04
DATOS:  0.73, 29.85, 851.30
DATOS:  0.74, 30.08, 860.52
DATOS:  0.75, 30.30, 869.72
DATOS:  0.76, 30.53, 878.88
DATOS:  0.76, 30.76, 888.02
DATOS:  0.77, 31.00, 897.12
DATOS:  0.78, 31.23, 906.19
DATOS:  0.79, 31.47, 915.24
DATOS:  0.80, 31.70, 924.25
DATOS:  0.81, 31.94, 933.22
DATOS:  0.81, 32.19, 942.17
DATOS:  0.82, 32.43, 951.08
DATOS:  0.83, 32.67, 959.97
DATOS:  0.84, 32.92, 968.82
DATOS:  0.85, 33.17, 977.63
DATOS:  0.86, 33.42, 986.42
DATOS:  0.86, 33.67, 995.17
DATOS:  0.87, 33.93, 1003.88
DATOS:  0.88, 34.18, 1012.57
DATOS:  0.89, 34.44, 1021.21
DATOS:  0.90, 34.70, 1029.83
DATOS:  0.91, 34.96, 1038.41
DATOS:  0.91, 35.22, 1046.95
DATOS:  0.92, 35.49, 1055.46
DATOS:  0.93, 35.75, 1063.94
DATOS:  0.94, 36.02, 1072.38
DATOS:  0.95, 36.29, 1080.78
DATOS:  0.96, 36.56, 1089.15
DATOS:  0.96, 36.83, 1097.49
DATOS:  0.97, 37.10, 1105.78
DATOS:  0.98, 37.37, 1114.05
DATOS:  0.99, 37.65, 1122.27
DATOS:  1.00, 37.93, 1130.46
DATOS:  1.01, 38.21, 1138.61
DATOS:  1.01, 38.49, 1146.72
DATOS:  1.02, 38.77, 1154.80
DATOS:  1.03, 39.05, 1162.84
DATOS:  1.04, 39.33, 1170.84
DATOS:  1.05, 39.62, 1178.81
DATOS:  1.06, 39.90, 1186.74
DATOS:  1.06, 40.19, 1194.62
DATOS:  1.07, 40.48, 1202.48
DATOS:  1.08, 40.77, 1210.29
DATOS:  1.09, 41.06, 1218.06
DATOS:  1.10, 41.35, 1225.80
DATOS:  1.11, 41.64, 1233.50
DATOS:  1.11, 41.94, 1241.15
DATOS:  1.12, 42.24, 1248.77
DATOS:  1.13, 42.53, 1256.35
DATOS:  1.14, 42.83, 1263.89
DATOS:  1.15, 43.13, 1271.39
DATOS:  1.16, 43.43, 1278.86
DATOS:  1.16, 43.73, 1286.28
DATOS:  1.17, 44.03, 1293.66
DATOS:  1.18, 44.33, 1301.00
DATOS:  1.19, 44.64, 1308.30
DATOS:  1.20, 44.94, 1315.56
DATOS:  1.21, 45.25, 1322.79
DATOS:  1.21, 45.55, 1329.97
DATOS:  1.22, 45.86, 1337.11
DATOS:  1.23, 46.17, 1344.21
DATOS:  1.24, 46.48, 1351.26
DATOS:  1.25, 46.79, 1358.28
DATOS:  1.26, 47.10, 1365.26
DATOS:  1.27, 47.41, 1372.19
DATOS:  1.27, 47.79, 1379.08
DATOS:  1.28, 48.10, 1385.92
DATOS:  1.29, 48.41, 1392.73
DATOS:  1.30, 48.73, 1399.49
DATOS:  1.31, 49.04, 1406.21
DATOS:  1.32, 49.36, 1412.89
DATOS:  1.32, 49.68, 1419.52
DATOS:  1.33, 49.99, 1426.12
DATOS:  1.34, 50.31, 1432.67
DATOS:  1.35, 50.63, 1439.18
DATOS:  1.36, 50.95, 1445.65
DATOS:  1.37, 51.27, 1452.07
DATOS:  1.37, 51.59, 1458.46
DATOS:  1.38, 51.91, 1464.80
DATOS:  1.39, 52.23, 1471.10
DATOS:  1.40, 52.56, 1477.35
DATOS:  1.41, 52.88, 1483.57
DATOS:  1.42, 53.20, 1489.74
DATOS:  1.42, 53.53, 1495.87
DATOS:  1.43, 53.85, 1501.95
DATOS:  1.44, 54.17, 1507.99
DATOS:  1.45, 54.50, 1513.99
DATOS:  1.46, 54.82, 1519.95
DATOS:  1.47, 55.15, 1525.86
DATOS:  1.47, 55.48, 1531.73
DATOS:  1.48, 55.80, 1537.56
DATOS:  1.49, 56.13, 1543.35
DATOS:  1.50, 56.46, 1549.09
DATOS:  1.51, 56.78, 1554.78
DATOS:  1.52, 57.11, 1560.44
DATOS:  1.52, 57.44, 1566.05
DATOS:  1.53, 57.77, 1571.62
DATOS:  1.54, 58.10, 1577.14
DATOS:  1.55, 58.43, 1582.62
DATOS:  1.56, 58.76, 1588.06
DATOS:  1.57, 59.08, 1593.46
DATOS:  1.57, 59.41, 1598.81
DATOS:  1.58, 59.74, 1604.11
DATOS:  1.59, 60.07, 1609.38
DATOS:  1.60, 60.40, 1614.60
DATOS:  1.61, 60.73, 1619.78
DATOS:  1.62, 61.06, 1624.91
DATOS:  1.62, 61.39, 1630.00
DATOS:  1.63, 61.73, 1635.04
DATOS:  1.64, 62.06, 1640.04
DATOS:  1.65, 62.39, 1645.00
DATOS:  1.66, 62.72, 1649.92
DATOS:  1.67, 63.05, 1654.79
DATOS:  1.67, 63.38, 1659.62
DATOS:  1.68, 63.71, 1664.40
DATOS:  1.69, 64.04, 1669.14
DATOS:  1.70, 64.37, 1673.84
DATOS:  1.71, 64.70, 1678.49
DATOS:  1.72, 65.03, 1683.10
DATOS:  1.72, 65.36, 1687.67
DATOS:  1.73, 65.69, 1692.19
DATOS:  1.74, 66.02, 1696.67
DATOS:  1.75, 66.35, 1701.10
DATOS:  1.76, 66.68, 1705.49
DATOS:  1.77, 67.01, 1709.84
DATOS:  1.77, 67.34, 1714.14
DATOS:  1.78, 67.67, 1718.41
DATOS:  1.79, 68.00, 1722.62
DATOS:  1.80, 68.33, 1726.80
DATOS:  1.81, 68.66, 1730.93
DATOS:  1.82, 68.99, 1735.01
DATOS:  1.82, 69.32, 1739.06
DATOS:  1.83, 69.65, 1743.06
DATOS:  1.84, 69.97, 1747.01
DATOS:  1.85, 70.30, 1750.93
DATOS:  1.86, 70.63, 1754.80
DATOS:  1.87, 70.96, 1758.63
DATOS:  1.87, 71.28, 1762.41
DATOS:  1.88, 71.61, 1766.15
DATOS:  1.89, 71.94, 1769.85
DATOS:  1.90, 72.26, 1773.50
DATOS:  1.91, 72.59, 1777.12
DATOS:  1.92, 72.91, 1780.68
DATOS:  1.92, 73.24, 1784.21
DATOS:  1.93, 73.56, 1787.69
DATOS:  1.94, 73.88, 1791.14
DATOS:  1.95, 74.21, 1794.53
DATOS:  1.96, 74.53, 1797.89
DATOS:  1.97, 74.85, 1801.20
DATOS:  1.97, 75.18, 1804.47
DATOS:  1.98, 75.50, 1807.70
DATOS:  1.99, 75.82, 1810.89
DATOS:  2.00, 76.14, 1814.03
DATOS:  2.01, 76.46, 1817.13
DATOS:  2.02, 76.78, 1820.19
DATOS:  2.02, 77.10, 1823.21
DATOS:  2.03, 77.42, 1826.18
DATOS:  2.04, 77.73, 1829.11
DATOS:  2.05, 78.05, 1832.00
DATOS:  2.06, 78.37, 1834.85
DATOS:  2.07, 78.68, 1837.66
DATOS:  2.07, 79.00, 1840.43
DATOS:  2.08, 79.32, 1843.15
DATOS:  2.09, 79.63, 1845.83
DATOS:  2.10, 79.94, 1848.47
DATOS:  2.11, 80.26, 1851.07
DATOS:  2.12, 80.57, 1853.63
DATOS:  2.12, 80.88, 1856.15
DATOS:  2.13, 81.25, 1858.62
DATOS:  2.14, 81.56, 1861.04
DATOS:  2.15, 81.87, 1863.43
DATOS:  2.16, 82.12, 1865.79
DATOS:  2.17, 82.49, 1868.09
DATOS:  2.18, 82.80, 1870.36
DATOS:  2.18, 83.10, 1872.58
DATOS:  2.19, 83.41, 1874.76
DATOS:  2.20, 83.71, 1876.91
DATOS:  2.21, 84.02, 1879.01
DATOS:  2.22, 84.32, 1881.07
DATOS:  2.23, 84.62, 1883.10
DATOS:  2.23, 84.93, 1885.08
DATOS:  2.24, 85.23, 1887.02
DATOS:  2.25, 85.53, 1888.93
DATOS:  2.26, 85.83, 1890.79
DATOS:  2.27, 86.13, 1892.62
DATOS:  2.28, 86.42, 1894.41
DATOS:  2.28, 86.72, 1896.15
DATOS:  2.29, 87.02, 1897.86
DATOS:  2.30, 87.31, 1899.53
DATOS:  2.31, 87.61, 1901.16
DATOS:  2.32, 87.90, 1902.75
DATOS:  2.33, 88.19, 1904.30
DATOS:  2.33, 88.48, 1905.82
DATOS:  2.34, 88.77, 1907.29
DATOS:  2.35, 89.06, 1908.73
DATOS:  2.36, 89.35, 1910.13
DATOS:  2.37, 89.64, 1911.49
DATOS:  2.38, 89.93, 1912.82
DATOS:  2.38, 90.21, 1914.10
DATOS:  2.39, 90.50, 1915.35
DATOS:  2.40, 90.78, 1916.56
DATOS:  2.41, 91.07, 1917.74
DATOS:  2.42, 91.35, 1918.87
DATOS:  2.43, 91.63, 1919.97
DATOS:  2.43, 91.91, 1921.04
DATOS:  2.44, 92.19, 1922.06
DATOS:  2.45, 92.47, 1923.05
DATOS:  2.46, 92.74, 1924.00
DATOS:  2.47, 93.02, 1924.92
DATOS:  2.48, 93.29, 1925.80
DATOS:  2.48, 93.57, 1926.64
DATOS:  2.49, 93.84, 1927.45
DATOS:  2.50, 94.11, 1928.22
DATOS:  2.51, 94.38, 1928.96
DATOS:  2.52, 94.65, 1929.66
DATOS:  2.53, 94.92, 1930.32
DATOS:  2.53, 95.19, 1930.95
DATOS:  2.54, 95.46, 1931.55
DATOS:  2.55, 95.72, 1932.11
DATOS:  2.56, 95.99, 1932.63
DATOS:  2.57, 96.25, 1933.12
DATOS:  2.58, 96.51, 1933.58
DATOS:  2.58, 96.77, 1934.00
DATOS:  2.59, 97.03, 1934.38
DATOS:  2.60, 97.29, 1934.74
DATOS:  2.61, 97.55, 1935.05
DATOS:  2.62, 97.80, 1935.34
DATOS:  2.63, 98.06, 1935.59
DATOS:  2.63, 98.31, 1935.81
DATOS:  2.64, 98.57, 1935.99
DATOS:  2.65, 98.82, 1936.14
DATOS:  2.66, 99.07, 1936.26
DATOS:  2.67, 99.32, 1936.35
DATOS:  2.68, 99.57, 1936.40
DATOS:  2.68, 99.81, 1936.42
DATOS:  2.69, 100.06, 1936.41
DATOS:  2.70, 100.30, 1936.36
DATOS:  2.71, 100.55, 1936.28
DATOS:  2.72, 100.79, 1936.17
DATOS:  2.73, 101.03, 1936.03
DATOS:  2.73, 101.27, 1935.86
DATOS:  2.74, 101.51, 1935.66
DATOS:  2.75, 101.75, 1935.42
DATOS:  2.76, 101.98, 1935.15
DATOS:  2.77, 102.22, 1934.86
DATOS:  2.78, 102.45, 1934.53
DATOS:  2.78, 102.68, 1934.17
DATOS:  2.79, 102.92, 1933.78
DATOS:  2.80, 103.15, 1933.36
DATOS:  2.81, 103.37, 1932.91
DATOS:  2.82, 103.60, 1932.43
DATOS:  2.83, 103.83, 1931.92
DATOS:  2.83, 104.05, 1931.38
DATOS:  2.84, 104.28, 1930.81
DATOS:  2.85, 104.50, 1930.21
DATOS:  2.86, 104.72, 1929.59
DATOS:  2.87, 104.94, 1928.93
DATOS:  2.88, 105.16, 1928.25
DATOS:  2.88, 105.37, 1927.53
DATOS:  2.89, 105.59, 1926.79
DATOS:  2.90, 105.81, 1926.02
DATOS:  2.91, 106.02, 1925.22
DATOS:  2.92, 106.23, 1924.39
DATOS:  2.93, 106.44, 1923.54
DATOS:  2.94, 106.69, 1922.65
DATOS:  2.94, 106.90, 1921.74
DATOS:  2.95, 107.11, 1920.79
DATOS:  2.96, 107.31, 1919.83
DATOS:  2.97, 107.52, 1918.83
DATOS:  2.98, 107.72, 1917.81
DATOS:  2.99, 107.92, 1916.76
DATOS:  2.99, 108.12, 1915.68
DATOS:  3.00, 108.32, 1914.58
DATOS:  3.01, 108.52, 1913.45
DATOS:  3.02, 108.71, 1912.30
DATOS:  3.03, 108.91, 1911.12
DATOS:  3.04, 109.10, 1909.91
DATOS:  3.04, 109.29, 1908.68
DATOS:  3.05, 109.48, 1907.43
DATOS:  3.06, 109.67, 1906.15
DATOS:  3.07, 109.86, 1904.84
DATOS:  3.08, 110.05, 1903.51
DATOS:  3.09, 110.23, 1902.16
DATOS:  3.09, 110.42, 1900.78
DATOS:  3.10, 110.60, 1899.38
DATOS:  3.11, 110.78, 1897.95
DATOS:  3.12, 110.96, 1896.50
DATOS:  3.13, 111.14, 1895.03
DATOS:  3.14, 111.31, 1893.53
DATOS:  3.14, 111.49, 1892.01
DATOS:  3.15, 111.66, 1890.47
DATOS:  3.16, 111.84, 1888.90
DATOS:  3.17, 112.01, 1887.31
DATOS:  3.18, 112.18, 1885.70
DATOS:  3.19, 112.35, 1884.07
DATOS:  3.19, 112.52, 1882.41
DATOS:  3.20, 112.68, 1880.73
DATOS:  3.21, 112.85, 1879.04
DATOS:  3.22, 113.01, 1877.31
DATOS:  3.23, 113.17, 1875.57
DATOS:  3.24, 113.33, 1873.81
DATOS:  3.24, 113.49, 1872.03
DATOS:  3.25, 113.65, 1870.22
DATOS:  3.26, 113.81, 1868.39
DATOS:  3.27, 113.96, 1866.55
DATOS:  3.28, 114.12, 1864.68
DATOS:  3.29, 114.27, 1862.80
DATOS:  3.29, 114.42, 1860.89
DATOS:  3.30, 114.57, 1858.96
DATOS:  3.31, 114.72, 1857.02
DATOS:  3.32, 114.87, 1855.05
DATOS:  3.33, 115.01, 1853.07
DATOS:  3.34, 115.16, 1851.06
DATOS:  3.34, 115.30, 1849.04
DATOS:  3.35, 115.44, 1847.00
DATOS:  3.36, 115.58, 1844.94
DATOS:  3.37, 115.72, 1842.86
DATOS:  3.38, 115.86, 1840.77
DATOS:  3.39, 115.99, 1838.65
DATOS:  3.39, 116.13, 1836.52
DATOS:  3.40, 116.26, 1834.37
DATOS:  3.41, 116.39, 1832.21
DATOS:  3.42, 116.52, 1830.02
DATOS:  3.43, 116.65, 1827.82
DATOS:  3.44, 116.78, 1825.60
DATOS:  3.44, 116.91, 1823.37
DATOS:  3.45, 117.03, 1821.12
DATOS:  3.46, 117.16, 1818.85
DATOS:  3.47, 117.28, 1816.57
DATOS:  3.48, 117.40, 1814.27
DATOS:  3.49, 117.52, 1811.95
DATOS:  3.49, 117.64, 1809.62
DATOS:  3.50, 117.76, 1807.28
DATOS:  3.51, 117.87, 1804.92
DATOS:  3.52, 117.99, 1802.54
DATOS:  3.53, 118.10, 1800.15
DATOS:  3.54, 118.21, 1797.74
DATOS:  3.54, 118.32, 1795.32
DATOS:  3.55, 118.43, 1792.89
DATOS:  3.56, 118.54, 1790.44
DATOS:  3.57, 118.65, 1787.97
DATOS:  3.58, 118.75, 1785.50
DATOS:  3.59, 118.85, 1783.01
DATOS:  3.59, 118.96, 1780.50
DATOS:  3.60, 119.06, 1777.98
DATOS:  3.61, 119.16, 1775.45
DATOS:  3.62, 119.26, 1772.91
DATOS:  3.63, 119.35, 1770.35
DATOS:  3.64, 119.45, 1767.78
DATOS:  3.64, 119.54, 1765.20
DATOS:  3.65, 119.64, 1762.61
DATOS:  3.66, 119.73, 1760.00
DATOS:  3.67, 119.82, 1757.39
DATOS:  3.68, 119.91, 1754.76
DATOS:  3.69, 120.00, 1752.11
DATOS:  3.69, 120.08, 1749.46
DATOS:  3.70, 120.17, 1746.80
DATOS:  3.71, 120.27, 1744.12
DATOS:  3.72, 120.33, 1741.44
DATOS:  3.73, 120.43, 1738.74
DATOS:  3.74, 120.51, 1736.03
DATOS:  3.75, 120.59, 1733.31
DATOS:  3.75, 120.67, 1730.58
DATOS:  3.76, 120.74, 1727.84
DATOS:  3.77, 120.82, 1725.09
DATOS:  3.78, 120.89, 1722.33
DATOS:  3.79, 120.96, 1719.56
DATOS:  3.80, 121.03, 1716.79
DATOS:  3.80, 121.10, 1714.00
DATOS:  3.81, 121.17, 1711.20
DATOS:  3.82, 121.24, 1708.40
DATOS:  3.83, 121.31, 1705.58
DATOS:  3.84, 121.37, 1702.76
DATOS:  3.85, 121.43, 1699.93
DATOS:  3.85, 121.50, 1697.09
DATOS:  3.86, 121.56, 1694.25
DATOS:  3.87, 121.62, 1691.39
DATOS:  3.88, 121.68, 1688.53
DATOS:  3.89, 121.73, 1685.66
DATOS:  3.90, 121.79, 1682.78
DATOS:  3.90, 121.84, 1679.90
DATOS:  3.91, 121.90, 1677.01
DATOS:  3.92, 121.95, 1674.11
DATOS:  3.93, 122.00, 1671.20
DATOS:  3.94, 122.05, 1668.29
DATOS:  3.95, 122.10, 1665.37
DATOS:  3.95, 122.15, 1662.45
DATOS:  3.96, 122.19, 1659.52
DATOS:  3.97, 122.24, 1656.58
DATOS:  3.98, 122.28, 1653.64
DATOS:  3.99, 122.32, 1650.69
DATOS:  4.00, 122.37, 1647.74
DATOS:  4.00, 122.41, 1644.78
DATOS:  4.01, 122.45, 1641.82
DATOS:  4.02, 122.48, 1638.85
DATOS:  4.03, 122.52, 1635.88
DATOS:  4.04, 122.56, 1632.90
DATOS:  4.05, 122.59, 1629.92
DATOS:  4.05, 122.62, 1626.93
DATOS:  4.06, 122.66, 1623.94
DATOS:  4.07, 122.69, 1620.94
DATOS:  4.08, 122.72, 1617.94
DATOS:  4.09, 122.75, 1614.94
DATOS:  4.10, 122.77, 1611.93
DATOS:  4.10, 122.80, 1608.92
DATOS:  4.11, 122.82, 1605.91
DATOS:  4.12, 122.85, 1602.89
DATOS:  4.13, 122.87, 1599.87
DATOS:  4.14, 122.89, 1596.85
DATOS:  4.15, 122.91, 1593.83
DATOS:  4.15, 122.93, 1590.80
DATOS:  4.16, 122.95, 1587.77
DATOS:  4.17, 122.97, 1584.74
DATOS:  4.18, 122.99, 1581.70
DATOS:  4.19, 123.00, 1578.67
DATOS:  4.20, 123.02, 1575.63
DATOS:  4.20, 123.03, 1572.59
DATOS:  4.21, 123.04, 1569.54
DATOS:  4.22, 123.05, 1566.50
DATOS:  4.23, 123.06, 1563.46
DATOS:  4.24, 123.07, 1560.41
DATOS:  4.25, 123.08, 1557.37
DATOS:  4.25, 123.09, 1554.32
DATOS:  4.26, 123.09, 1551.27
DATOS:  4.27, 123.10, 1548.22
DATOS:  4.28, 123.10, 1545.17
DATOS:  4.29, 123.10, 1542.12
DATOS:  4.30, 123.10, 1539.07
DATOS:  4.30, 123.10, 1536.02
DATOS:  4.31, 123.10, 1532.97
DATOS:  4.32, 123.10, 1529.92
DATOS:  4.33, 123.10, 1526.87
DATOS:  4.34, 123.10, 1523.83
DATOS:  4.35, 123.09, 1520.78
DATOS:  4.35, 123.09, 1517.73
DATOS:  4.36, 123.08, 1514.68
DATOS:  4.37, 123.07, 1511.64
DATOS:  4.38, 123.06, 1508.59
DATOS:  4.39, 123.06, 1505.55
DATOS:  4.40, 123.05, 1502.51
DATOS:  4.40, 123.03, 1499.47
DATOS:  4.41, 123.02, 1496.43
DATOS:  4.42, 123.01, 1493.39
DATOS:  4.43, 122.99, 1490.36
DATOS:  4.44, 122.98, 1487.33
DATOS:  4.45, 122.96, 1484.29
DATOS:  4.45, 122.95, 1481.27
DATOS:  4.46, 122.93, 1478.24
DATOS:  4.47, 122.91, 1475.22
DATOS:  4.48, 122.89, 1472.20
DATOS:  4.49, 122.87, 1469.18
DATOS:  4.50, 122.85, 1466.16
DATOS:  4.50, 122.83, 1463.15
DATOS:  4.51, 122.80, 1460.14
DATOS:  4.52, 122.78, 1457.13
DATOS:  4.53, 122.75, 1454.13
DATOS:  4.54, 122.73, 1451.13
DATOS:  4.55, 122.70, 1448.14
DATOS:  4.55, 122.67, 1445.14
DATOS:  4.56, 122.64, 1442.16
DATOS:  4.57, 122.61, 1439.17
DATOS:  4.58, 122.58, 1436.19
DATOS:  4.59, 122.55, 1433.21
DATOS:  4.60, 122.52, 1430.24
DATOS:  4.60, 122.49, 1427.27
DATOS:  4.61, 122.45, 1424.31
DATOS:  4.62, 122.42, 1421.35
DATOS:  4.63, 122.38, 1418.40
DATOS:  4.64, 122.35, 1415.45
DATOS:  4.65, 122.31, 1412.50
DATOS:  4.65, 122.27, 1409.56
DATOS:  4.66, 122.24, 1406.63
DATOS:  4.67, 122.20, 1403.70
DATOS:  4.68, 122.16, 1400.78
DATOS:  4.69, 122.12, 1397.86
DATOS:  4.70, 122.07, 1394.95
DATOS:  4.70, 122.03, 1392.04
DATOS:  4.71, 121.99, 1389.14
DATOS:  4.72, 121.94, 1386.24
DATOS:  4.73, 121.90, 1383.35
DATOS:  4.74, 121.85, 1380.47
DATOS:  4.75, 121.81, 1377.59
DATOS:  4.75, 121.76, 1374.72
DATOS:  4.76, 121.71, 1371.85
DATOS:  4.77, 121.67, 1368.99
DATOS:  4.78, 121.62, 1366.14
DATOS:  4.79, 121.57, 1363.30
DATOS:  4.80, 121.52, 1360.46
DATOS:  4.80, 121.47, 1357.63
DATOS:  4.81, 121.41, 1354.80
DATOS:  4.82, 121.36, 1351.98
DATOS:  4.83, 121.31, 1349.17
DATOS:  4.84, 121.25, 1346.37
DATOS:  4.85, 121.19, 1343.57
DATOS:  4.86, 121.13, 1340.78
DATOS:  4.86, 121.08, 1338.00
DATOS:  4.87, 121.02, 1335.23
DATOS:  4.88, 120.96, 1332.46
DATOS:  4.89, 120.91, 1329.70
DATOS:  4.90, 120.85, 1326.95
DATOS:  4.91, 120.79, 1324.21
DATOS:  4.91, 120.73, 1321.47
DATOS:  4.92, 120.67, 1318.75
DATOS:  4.93, 120.61, 1316.03
DATOS:  4.94, 120.55, 1313.32
DATOS:  4.95, 120.48, 1310.61
DATOS:  4.96, 120.42, 1307.92
DATOS:  4.96, 120.36, 1305.23
DATOS:  4.97, 120.30, 1302.56
DATOS:  4.98, 120.23, 1299.89
DATOS:  4.99, 120.17, 1297.23
DATOS:  5.00, 120.10, 1294.57
DATOS:  5.01, 120.03, 1291.93
DATOS:  5.01, 119.97, 1289.30
DATOS:  5.02, 119.90, 1286.67
DATOS:  5.03, 119.83, 1284.05
DATOS:  5.04, 119.76, 1281.45
DATOS:  5.05, 119.70, 1278.85
DATOS:  5.06, 119.63, 1276.26
DATOS:  5.06, 119.56, 1273.68
DATOS:  5.07, 119.49, 1271.11
DATOS:  5.08, 119.41, 1268.55
DATOS:  5.09, 119.34, 1266.00
DATOS:  5.10, 119.27, 1263.45
DATOS:  5.11, 119.20, 1260.92
DATOS:  5.11, 119.13, 1258.40
DATOS:  5.12, 119.05, 1255.88
DATOS:  5.13, 118.98, 1253.38
DATOS:  5.14, 118.90, 1250.89
DATOS:  5.15, 118.83, 1248.40
DATOS:  5.16, 118.75, 1245.93
DATOS:  5.16, 118.68, 1243.46
DATOS:  5.17, 118.60, 1241.01
DATOS:  5.18, 118.53, 1238.57
DATOS:  5.19, 118.45, 1236.13
DATOS:  5.20, 118.37, 1233.71
DATOS:  5.21, 118.29, 1231.30
DATOS:  5.21, 118.21, 1228.89
DATOS:  5.22, 118.14, 1226.50
DATOS:  5.23, 118.06, 1224.12
DATOS:  5.24, 117.98, 1221.75
DATOS:  5.25, 117.90, 1219.39
DATOS:  5.26, 117.82, 1217.04
DATOS:  5.26, 117.74, 1214.70
DATOS:  5.27, 117.65, 1212.37
DATOS:  5.28, 117.57, 1210.05
DATOS:  5.29, 117.49, 1207.74
DATOS:  5.30, 117.41, 1205.45
DATOS:  5.31, 117.33, 1203.16
DATOS:  5.31, 117.24, 1200.89
DATOS:  5.32, 117.16, 1198.62
DATOS:  5.33, 117.08, 1196.37
DATOS:  5.34, 116.99, 1194.13
DATOS:  5.35, 116.91, 1191.90
DATOS:  5.36, 116.82, 1189.68
DATOS:  5.36, 116.74, 1187.47
DATOS:  5.37, 116.65, 1185.28
DATOS:  5.38, 116.57, 1183.09
DATOS:  5.39, 116.48, 1180.92
DATOS:  5.40, 116.39, 1178.76
DATOS:  5.41, 116.31, 1176.61
DATOS:  5.41, 116.22, 1174.47
DATOS:  5.42, 116.13, 1172.34
DATOS:  5.43, 116.05, 1170.22
DATOS:  5.44, 115.96, 1168.12
DATOS:  5.45, 115.87, 1166.03
DATOS:  5.46, 115.78, 1163.94
DATOS:  5.46, 115.69, 1161.87
DATOS:  5.47, 115.60, 1159.82
DATOS:  5.48, 115.51, 1157.77
DATOS:  5.49, 115.42, 1155.74
DATOS:  5.50, 115.34, 1153.71
DATOS:  5.51, 115.25, 1151.70
DATOS:  5.51, 115.16, 1149.70
DATOS:  5.52, 115.06, 1147.72
DATOS:  5.53, 114.97, 1145.74
DATOS:  5.54, 114.88, 1143.78
DATOS:  5.55, 114.79, 1141.83
DATOS:  5.56, 114.70, 1139.89
DATOS:  5.56, 114.61, 1137.96
DATOS:  5.57, 114.52, 1136.05
DATOS:  5.58, 114.43, 1134.15
DATOS:  5.59, 114.33, 1132.26
DATOS:  5.60, 114.24, 1130.38
DATOS:  5.61, 114.15, 1128.51
DATOS:  5.61, 114.06, 1126.66
DATOS:  5.62, 113.96, 1124.82
DATOS:  5.63, 113.87, 1122.99
DATOS:  5.64, 113.78, 1121.17
DATOS:  5.65, 113.69, 1119.37
DATOS:  5.66, 113.59, 1117.57
DATOS:  5.66, 113.50, 1115.79
DATOS:  5.67, 113.41, 1114.03
DATOS:  5.68, 113.31, 1112.27
DATOS:  5.69, 113.22, 1110.53
DATOS:  5.70, 113.12, 1108.80
DATOS:  5.71, 113.03, 1107.08
DATOS:  5.71, 112.94, 1105.37
DATOS:  5.72, 112.84, 1103.68
DATOS:  5.73, 112.75, 1102.00
DATOS:  5.74, 112.65, 1100.33
DATOS:  5.75, 112.56, 1098.68
DATOS:  5.76, 112.46, 1097.03
DATOS:  5.76, 112.37, 1095.40
DATOS:  5.77, 112.27, 1093.78
DATOS:  5.78, 112.18, 1092.18
DATOS:  5.79, 112.08, 1090.59
DATOS:  5.80, 111.99, 1089.00
DATOS:  5.81, 111.89, 1087.44
DATOS:  5.81, 111.80, 1085.88
DATOS:  5.82, 111.70, 1084.34
DATOS:  5.83, 111.61, 1082.81
DATOS:  5.84, 111.51, 1081.29
DATOS:  5.85, 111.42, 1079.78
DATOS:  5.86, 111.32, 1078.29
DATOS:  5.87, 111.21, 1076.82
DATOS:  5.87, 111.11, 1075.35
DATOS:  5.88, 111.02, 1073.90
DATOS:  5.89, 110.92, 1072.46
DATOS:  5.90, 110.83, 1071.03
DATOS:  5.91, 110.73, 1069.62
DATOS:  5.92, 110.63, 1068.22
DATOS:  5.92, 110.54, 1066.83
DATOS:  5.93, 110.44, 1065.45
DATOS:  5.94, 110.35, 1064.09
DATOS:  5.95, 110.25, 1062.73
DATOS:  5.96, 110.16, 1061.39
DATOS:  5.97, 110.06, 1060.07
DATOS:  5.97, 109.97, 1058.75
DATOS:  5.98, 109.87, 1057.45
DATOS:  5.99, 109.78, 1056.17
DATOS:  6.00, 109.68, 1054.89
DATOS:  6.01, 109.59, 1053.63
DATOS:  6.02, 109.49, 1052.38
DATOS:  6.02, 109.39, 1051.14
DATOS:  6.03, 109.30, 1049.91
DATOS:  6.04, 109.20, 1048.70
DATOS:  6.05, 109.11, 1047.50
DATOS:  6.06, 109.01, 1046.31
DATOS:  6.07, 108.92, 1045.13
DATOS:  6.07, 108.83, 1043.97
DATOS:  6.08, 108.73, 1042.82
DATOS:  6.09, 108.64, 1041.68
DATOS:  6.10, 108.54, 1040.56
DATOS:  6.11, 108.45, 1039.44
DATOS:  6.12, 108.35, 1038.34
DATOS:  6.12, 108.26, 1037.26
DATOS:  6.13, 108.16, 1036.18
DATOS:  6.14, 108.07, 1035.12
DATOS:  6.15, 107.98, 1034.07
DATOS:  6.16, 107.88, 1033.03
DATOS:  6.17, 107.79, 1032.00
DATOS:  6.17, 107.69, 1030.99
DATOS:  6.18, 107.60, 1029.99
DATOS:  6.19, 107.51, 1029.00
DATOS:  6.20, 107.41, 1028.02
DATOS:  6.21, 107.32, 1027.06
DATOS:  6.22, 107.23, 1026.10
DATOS:  6.22, 107.13, 1025.16
DATOS:  6.23, 107.04, 1024.24
DATOS:  6.24, 106.95, 1023.32
DATOS:  6.25, 106.86, 1022.42
DATOS:  6.26, 106.76, 1021.53
DATOS:  6.27, 106.67, 1020.65
DATOS:  6.27, 106.58, 1019.78
DATOS:  6.28, 106.49, 1018.93
DATOS:  6.29, 106.40, 1018.08
DATOS:  6.30, 106.30, 1017.25
DATOS:  6.31, 106.21, 1016.43
DATOS:  6.32, 106.12, 1015.63
DATOS:  6.32, 106.03, 1014.83
DATOS:  6.33, 105.94, 1014.05
DATOS:  6.34, 105.85, 1013.28
DATOS:  6.35, 105.76, 1012.52
DATOS:  6.36, 105.67, 1011.78
DATOS:  6.37, 105.58, 1011.04
DATOS:  6.37, 105.49, 1010.32
DATOS:  6.38, 105.40, 1009.61
DATOS:  6.39, 105.31, 1008.91
DATOS:  6.40, 105.22, 1008.22
DATOS:  6.41, 105.13, 1007.55
DATOS:  6.42, 105.04, 1006.88
DATOS:  6.42, 104.95, 1006.23
DATOS:  6.43, 104.86, 1005.59
DATOS:  6.44, 104.78, 1004.96
DATOS:  6.45, 104.69, 1004.34
DATOS:  6.46, 104.60, 1003.74
DATOS:  6.47, 104.51, 1003.15
DATOS:  6.47, 104.43, 1002.56
DATOS:  6.48, 104.34, 1001.99
DATOS:  6.49, 104.25, 1001.43
DATOS:  6.50, 104.16, 1000.88
DATOS:  6.51, 104.08, 1000.35
DATOS:  6.52, 103.99, 999.82
DATOS:  6.52, 103.91, 999.31
DATOS:  6.53, 103.82, 998.81
DATOS:  6.54, 103.73, 998.32
DATOS:  6.55, 103.65, 997.84
DATOS:  6.56, 103.56, 997.37
DATOS:  6.57, 103.48, 996.91
DATOS:  6.57, 103.40, 996.46
DATOS:  6.58, 103.31, 996.03
DATOS:  6.59, 103.23, 995.60
DATOS:  6.60, 103.14, 995.19
DATOS:  6.61, 103.06, 994.79
DATOS:  6.62, 102.98, 994.40
DATOS:  6.62, 102.89, 994.02
DATOS:  6.63, 102.81, 993.65
DATOS:  6.64, 102.73, 993.29
DATOS:  6.65, 102.65, 992.94
DATOS:  6.66, 102.57, 992.60
DATOS:  6.67, 102.48, 992.28
DATOS:  6.68, 102.40, 991.96
DATOS:  6.68, 102.32, 991.66
DATOS:  6.69, 102.23, 991.36
DATOS:  6.70, 102.15, 991.08
DATOS:  6.71, 102.07, 990.81
DATOS:  6.72, 101.99, 990.55
DATOS:  6.73, 101.91, 990.30
DATOS:  6.73, 101.83, 990.06
DATOS:  6.74, 101.75, 989.83
DATOS:  6.75, 101.67, 989.61
DATOS:  6.76, 101.59, 989.40
DATOS:  6.77, 101.51, 989.21
DATOS:  6.78, 101.44, 989.02
DATOS:  6.78, 101.36, 988.84
DATOS:  6.79, 101.28, 988.67
DATOS:  6.80, 101.21, 988.51
DATOS:  6.81, 101.13, 988.37
DATOS:  6.82, 101.05, 988.23
DATOS:  6.83, 100.98, 988.10
DATOS:  6.83, 100.90, 987.98
DATOS:  6.84, 100.83, 987.88
DATOS:  6.85, 100.75, 987.78
DATOS:  6.86, 100.68, 987.69
DATOS:  6.87, 100.61, 987.61
DATOS:  6.88, 100.53, 987.54
DATOS:  6.88, 100.46, 987.48
DATOS:  6.89, 100.39, 987.43
DATOS:  6.90, 100.31, 987.39
DATOS:  6.91, 100.24, 987.36
DATOS:  6.92, 100.17, 987.34
DATOS:  6.93, 100.10, 987.33
DATOS:  6.93, 100.03, 987.33
DATOS:  6.94, 99.96, 987.34
DATOS:  6.95, 99.89, 987.35
DATOS:  6.96, 99.82, 987.38
DATOS:  6.97, 99.75, 987.41
DATOS:  6.98, 99.68, 987.46
DATOS:  6.98, 99.61, 987.51
DATOS:  6.99, 99.54, 987.57
DATOS:  7.00, 99.47, 987.64
DATOS:  7.01, 99.40, 987.72
DATOS:  7.02, 99.33, 987.81
DATOS:  7.03, 99.27, 987.91
DATOS:  7.03, 99.20, 988.02
DATOS:  7.04, 99.13, 988.13
DATOS:  7.05, 99.07, 988.26
DATOS:  7.06, 99.00, 988.39
DATOS:  7.07, 98.94, 988.53
DATOS:  7.08, 98.87, 988.68
DATOS:  7.08, 98.81, 988.84
DATOS:  7.09, 98.74, 989.01
DATOS:  7.10, 98.68, 989.19
DATOS:  7.11, 98.61, 989.37
DATOS:  7.12, 98.55, 989.56
DATOS:  7.13, 98.49, 989.77
DATOS:  7.13, 98.42, 989.97
DATOS:  7.14, 98.36, 990.19
DATOS:  7.15, 98.30, 990.42
DATOS:  7.16, 98.24, 990.65
DATOS:  7.17, 98.18, 990.89
DATOS:  7.18, 98.12, 991.14
DATOS:  7.18, 98.06, 991.40
DATOS:  7.19, 98.00, 991.67
DATOS:  7.20, 97.94, 991.94
DATOS:  7.21, 97.88, 992.22
DATOS:  7.22, 97.82, 992.51
DATOS:  7.23, 97.76, 992.81
DATOS:  7.23, 97.70, 993.11
DATOS:  7.24, 97.64, 993.42
DATOS:  7.25, 97.59, 993.74
DATOS:  7.26, 97.53, 994.07
DATOS:  7.27, 97.47, 994.40
DATOS:  7.28, 97.42, 994.75
DATOS:  7.28, 97.36, 995.10
DATOS:  7.29, 97.31, 995.45
DATOS:  7.30, 97.25, 995.82
DATOS:  7.31, 97.20, 996.19
DATOS:  7.32, 97.14, 996.57
DATOS:  7.33, 97.09, 996.95
DATOS:  7.33, 97.04, 997.34
DATOS:  7.34, 96.98, 997.74
DATOS:  7.35, 96.93, 998.15
DATOS:  7.36, 96.88, 998.56
DATOS:  7.37, 96.83, 998.98
DATOS:  7.38, 96.77, 999.41
DATOS:  7.38, 96.72, 999.84
DATOS:  7.39, 96.67, 1000.28
DATOS:  7.40, 96.62, 1000.73
DATOS:  7.41, 96.57, 1001.18
DATOS:  7.42, 96.52, 1001.64
DATOS:  7.43, 96.47, 1002.11
DATOS:  7.43, 96.43, 1002.58
DATOS:  7.44, 96.38, 1003.06
DATOS:  7.45, 96.33, 1003.55
DATOS:  7.46, 96.28, 1004.04
DATOS:  7.47, 96.23, 1004.54
DATOS:  7.48, 96.19, 1005.04
DATOS:  7.48, 96.14, 1005.55
DATOS:  7.49, 96.10, 1006.07
DATOS:  7.50, 96.05, 1006.59
DATOS:  7.51, 96.00, 1007.12
DATOS:  7.52, 95.95, 1007.65
DATOS:  7.53, 95.91, 1008.19
DATOS:  7.54, 95.86, 1008.74
DATOS:  7.54, 95.82, 1009.29
DATOS:  7.55, 95.78, 1009.85
DATOS:  7.56, 95.73, 1010.42
DATOS:  7.57, 95.69, 1010.98
DATOS:  7.58, 95.65, 1011.56
DATOS:  7.59, 95.61, 1012.14
DATOS:  7.59, 95.57, 1012.73
DATOS:  7.60, 95.53, 1013.32
DATOS:  7.61, 95.49, 1013.91
DATOS:  7.62, 95.45, 1014.52
DATOS:  7.63, 95.41, 1015.12
DATOS:  7.64, 95.37, 1015.74
DATOS:  7.64, 95.33, 1016.35
DATOS:  7.65, 95.29, 1016.98
DATOS:  7.66, 95.25, 1017.60
DATOS:  7.67, 95.21, 1018.24
DATOS:  7.68, 95.18, 1018.87
DATOS:  7.69, 95.14, 1019.52
DATOS:  7.69, 95.10, 1020.16
DATOS:  7.70, 95.07, 1020.81
DATOS:  7.71, 95.03, 1021.47
DATOS:  7.72, 95.00, 1022.13
DATOS:  7.73, 94.96, 1022.80
DATOS:  7.74, 94.93, 1023.47
DATOS:  7.74, 94.89, 1024.14
DATOS:  7.75, 94.86, 1024.82
DATOS:  7.76, 94.83, 1025.51
DATOS:  7.77, 94.79, 1026.19
DATOS:  7.78, 94.76, 1026.89
DATOS:  7.79, 94.73, 1027.58
DATOS:  7.79, 94.70, 1028.28
DATOS:  7.80, 94.67, 1028.99
DATOS:  7.81, 94.63, 1029.70
DATOS:  7.82, 94.60, 1030.41
DATOS:  7.83, 94.57, 1031.13
DATOS:  7.84, 94.54, 1031.85
DATOS:  7.84, 94.51, 1032.57
DATOS:  7.85, 94.49, 1033.30
DATOS:  7.86, 94.46, 1034.03
DATOS:  7.87, 94.43, 1034.77
DATOS:  7.88, 94.40, 1035.51
DATOS:  7.89, 94.37, 1036.25
DATOS:  7.89, 94.35, 1037.00
DATOS:  7.90, 94.32, 1037.75
DATOS:  7.91, 94.29, 1038.50
DATOS:  7.92, 94.27, 1039.26
DATOS:  7.93, 94.24, 1040.02
DATOS:  7.94, 94.22, 1040.79
DATOS:  7.94, 94.19, 1041.55
DATOS:  7.95, 94.17, 1042.32
DATOS:  7.96, 94.14, 1043.10
DATOS:  7.97, 94.12, 1043.87
DATOS:  7.98, 94.10, 1044.65
DATOS:  7.99, 94.07, 1045.44
DATOS:  7.99, 94.05, 1046.22
DATOS:  8.00, 94.03, 1047.01
DATOS:  8.01, 94.01, 1047.80
DATOS:  8.02, 93.98, 1048.60
DATOS:  8.03, 93.96, 1049.39
DATOS:  8.04, 93.94, 1050.19
DATOS:  8.04, 93.92, 1051.00
DATOS:  8.05, 93.90, 1051.80
DATOS:  8.06, 93.88, 1052.61
DATOS:  8.07, 93.86, 1053.42
DATOS:  8.08, 93.84, 1054.23
DATOS:  8.09, 93.82, 1055.05
DATOS:  8.09, 93.81, 1055.87
DATOS:  8.10, 93.79, 1056.69
DATOS:  8.11, 93.77, 1057.51
DATOS:  8.12, 93.75, 1058.34
DATOS:  8.13, 93.74, 1059.16
DATOS:  8.14, 93.72, 1059.99
DATOS:  8.14, 93.70, 1060.82
DATOS:  8.15, 93.69, 1061.66
DATOS:  8.16, 93.67, 1062.49
DATOS:  8.17, 93.66, 1063.33
DATOS:  8.18, 93.64, 1064.17
DATOS:  8.19, 93.63, 1065.01
DATOS:  8.19, 93.62, 1065.85
DATOS:  8.20, 93.60, 1066.70
DATOS:  8.21, 93.59, 1067.54
DATOS:  8.22, 93.58, 1068.39
DATOS:  8.23, 93.56, 1069.24
DATOS:  8.24, 93.55, 1070.09
DATOS:  8.24, 93.54, 1070.95
DATOS:  8.25, 93.53, 1071.80
DATOS:  8.26, 93.52, 1072.66
DATOS:  8.27, 93.51, 1073.51
DATOS:  8.28, 93.50, 1074.37
DATOS:  8.29, 93.48, 1075.23
DATOS:  8.30, 93.47, 1076.09
DATOS:  8.30, 93.46, 1076.96
DATOS:  8.31, 93.45, 1077.82
DATOS:  8.32, 93.45, 1078.69
DATOS:  8.33, 93.44, 1079.55
DATOS:  8.34, 93.43, 1080.42
DATOS:  8.35, 93.42, 1081.29
DATOS:  8.35, 93.41, 1082.16
DATOS:  8.36, 93.41, 1083.03
DATOS:  8.37, 93.40, 1083.90
DATOS:  8.38, 93.39, 1084.77
DATOS:  8.39, 93.39, 1085.65
DATOS:  8.40, 93.38, 1086.52
DATOS:  8.40, 93.37, 1087.40
DATOS:  8.41, 93.37, 1088.27
DATOS:  8.42, 93.36, 1089.15
DATOS:  8.43, 93.36, 1090.02
DATOS:  8.44, 93.36, 1090.90
DATOS:  8.45, 93.35, 1091.78
DATOS:  8.45, 93.35, 1092.66
DATOS:  8.46, 93.34, 1093.53
DATOS:  8.47, 93.34, 1094.41
DATOS:  8.48, 93.34, 1095.29
DATOS:  8.49, 93.34, 1096.17
DATOS:  8.50, 93.33, 1097.05
DATOS:  8.50, 93.33, 1097.93
DATOS:  8.51, 93.33, 1098.81
DATOS:  8.52, 93.33, 1099.69
DATOS:  8.53, 93.33, 1100.57
DATOS:  8.54, 93.33, 1101.46
DATOS:  8.55, 93.33, 1102.34
DATOS:  8.55, 93.33, 1103.22
DATOS:  8.56, 93.33, 1104.10
DATOS:  8.57, 93.33, 1104.98
DATOS:  8.58, 93.33, 1105.86
DATOS:  8.59, 93.33, 1106.74
DATOS:  8.60, 93.33, 1107.62
DATOS:  8.60, 93.33, 1108.50
DATOS:  8.61, 93.33, 1109.38
DATOS:  8.62, 93.34, 1110.26
DATOS:  8.63, 93.34, 1111.14
DATOS:  8.64, 93.34, 1112.02
DATOS:  8.65, 93.35, 1112.90
DATOS:  8.65, 93.35, 1113.77
DATOS:  8.66, 93.35, 1114.65
DATOS:  8.67, 93.36, 1115.53
DATOS:  8.68, 93.36, 1116.40
DATOS:  8.69, 93.36, 1117.28
DATOS:  8.70, 93.37, 1118.16
DATOS:  8.70, 93.37, 1119.03
DATOS:  8.71, 93.38, 1119.90
DATOS:  8.72, 93.39, 1120.78
DATOS:  8.73, 93.39, 1121.65
DATOS:  8.74, 93.40, 1122.52
DATOS:  8.75, 93.40, 1123.39
DATOS:  8.75, 93.41, 1124.26
DATOS:  8.76, 93.42, 1125.13
DATOS:  8.77, 93.42, 1126.00
DATOS:  8.78, 93.43, 1126.86
DATOS:  8.79, 93.44, 1127.73
DATOS:  8.80, 93.45, 1128.60
DATOS:  8.80, 93.45, 1129.46
DATOS:  8.81, 93.46, 1130.32
DATOS:  8.82, 93.47, 1131.18
DATOS:  8.83, 93.48, 1132.04
DATOS:  8.84, 93.49, 1132.90
DATOS:  8.85, 93.50, 1133.76
DATOS:  8.85, 93.51, 1134.62
DATOS:  8.86, 93.52, 1135.47
DATOS:  8.87, 93.53, 1136.33
DATOS:  8.88, 93.54, 1137.18
DATOS:  8.89, 93.55, 1138.03
DATOS:  8.90, 93.56, 1138.88
DATOS:  8.90, 93.57, 1139.73
DATOS:  8.91, 93.58, 1140.58
DATOS:  8.92, 93.59, 1141.42
DATOS:  8.93, 93.60, 1142.27
DATOS:  8.94, 93.62, 1143.11
DATOS:  8.95, 93.63, 1143.95
DATOS:  8.95, 93.64, 1144.79
DATOS:  8.96, 93.65, 1145.63
DATOS:  8.97, 93.67, 1146.46
DATOS:  8.98, 93.68, 1147.30
DATOS:  8.99, 93.69, 1148.13
DATOS:  9.00, 93.71, 1148.96
DATOS:  9.00, 93.72, 1149.79
DATOS:  9.01, 93.73, 1150.62
DATOS:  9.02, 93.75, 1151.44
DATOS:  9.03, 93.76, 1152.26
DATOS:  9.04, 93.78, 1153.09
DATOS:  9.05, 93.79, 1153.90
DATOS:  9.05, 93.81, 1154.72
DATOS:  9.06, 93.82, 1155.54
DATOS:  9.07, 93.84, 1156.35
DATOS:  9.08, 93.85, 1157.16
DATOS:  9.09, 93.87, 1157.97
DATOS:  9.10, 93.89, 1158.78
DATOS:  9.11, 93.90, 1159.58
DATOS:  9.11, 93.92, 1160.39
DATOS:  9.12, 93.93, 1161.19
DATOS:  9.13, 93.95, 1161.98
DATOS:  9.14, 93.97, 1162.78
DATOS:  9.15, 93.98, 1163.57
DATOS:  9.16, 94.00, 1164.36
DATOS:  9.16, 94.02, 1165.15
DATOS:  9.17, 94.04, 1165.94
DATOS:  9.18, 94.05, 1166.73
DATOS:  9.19, 94.07, 1167.51
DATOS:  9.20, 94.09, 1168.29
DATOS:  9.21, 94.11, 1169.07
DATOS:  9.21, 94.13, 1169.84
DATOS:  9.22, 94.14, 1170.61
DATOS:  9.23, 94.16, 1171.38
DATOS:  9.24, 94.18, 1172.15
DATOS:  9.25, 94.20, 1172.92
DATOS:  9.26, 94.22, 1173.68
DATOS:  9.26, 94.24, 1174.44
DATOS:  9.27, 94.26, 1175.20
DATOS:  9.28, 94.28, 1175.95
DATOS:  9.29, 94.30, 1176.70
DATOS:  9.30, 94.32, 1177.45
DATOS:  9.31, 94.34, 1178.20
DATOS:  9.31, 94.36, 1178.94
DATOS:  9.32, 94.38, 1179.69
DATOS:  9.33, 94.40, 1180.42
DATOS:  9.34, 94.42, 1181.16
DATOS:  9.35, 94.44, 1181.89
DATOS:  9.36, 94.46, 1182.62
DATOS:  9.36, 94.48, 1183.35
DATOS:  9.37, 94.50, 1184.08
DATOS:  9.38, 94.53, 1184.80
DATOS:  9.39, 94.55, 1185.52
DATOS:  9.40, 94.57, 1186.24
DATOS:  9.41, 94.59, 1186.95
DATOS:  9.41, 94.61, 1187.66
DATOS:  9.42, 94.63, 1188.37
DATOS:  9.43, 94.66, 1189.07
DATOS:  9.44, 94.68, 1189.77
DATOS:  9.45, 94.70, 1190.47
DATOS:  9.46, 94.72, 1191.17
DATOS:  9.46, 94.75, 1191.86
DATOS:  9.47, 94.77, 1192.55
DATOS:  9.48, 94.79, 1193.24
DATOS:  9.49, 94.82, 1193.92
DATOS:  9.50, 94.84, 1194.60
DATOS:  9.51, 94.86, 1195.28
DATOS:  9.51, 94.89, 1195.96
DATOS:  9.52, 94.91, 1196.63
DATOS:  9.53, 94.93, 1197.30
DATOS:  9.54, 94.96, 1197.96
DATOS:  9.55, 94.98, 1198.62
DATOS:  9.56, 95.00, 1199.28
DATOS:  9.56, 95.03, 1199.94
DATOS:  9.57, 95.05, 1200.59
DATOS:  9.58, 95.08, 1201.24
DATOS:  9.59, 95.10, 1201.89
DATOS:  9.60, 95.12, 1202.53
DATOS:  9.61, 95.15, 1203.17
DATOS:  9.61, 95.17, 1203.81
DATOS:  9.62, 95.20, 1204.44
DATOS:  9.63, 95.22, 1205.07
DATOS:  9.64, 95.25, 1205.70
DATOS:  9.65, 95.27, 1206.32
DATOS:  9.66, 95.30, 1206.94
DATOS:  9.66, 95.32, 1207.56
DATOS:  9.67, 95.35, 1208.17
DATOS:  9.68, 95.37, 1208.78
DATOS:  9.69, 95.40, 1209.39
DATOS:  9.70, 95.42, 1209.99
DATOS:  9.71, 95.45, 1210.59
DATOS:  9.71, 95.48, 1211.19
DATOS:  9.72, 95.50, 1211.78
DATOS:  9.73, 95.53, 1212.37
DATOS:  9.74, 95.55, 1212.96
DATOS:  9.75, 95.58, 1213.54
DATOS:  9.76, 95.61, 1214.12
DATOS:  9.76, 95.63, 1214.70
DATOS:  9.77, 95.66, 1215.27
DATOS:  9.78, 95.68, 1215.84
DATOS:  9.79, 95.71, 1216.40
DATOS:  9.80, 95.74, 1216.97
DATOS:  9.81, 95.76, 1217.53
DATOS:  9.81, 95.79, 1218.08
DATOS:  9.82, 95.82, 1218.63
DATOS:  9.83, 95.84, 1219.18
DATOS:  9.84, 95.87, 1219.73
DATOS:  9.85, 95.90, 1220.27
DATOS:  9.86, 95.92, 1220.80
DATOS:  9.86, 95.95, 1221.34
DATOS:  9.87, 95.98, 1221.87
DATOS:  9.88, 96.00, 1222.40
DATOS:  9.89, 96.03, 1222.92
DATOS:  9.90, 96.06, 1223.44
DATOS:  9.91, 96.08, 1223.96
DATOS:  9.92, 96.11, 1224.47
DATOS:  9.92, 96.14, 1224.98
DATOS:  9.93, 96.17, 1225.48
DATOS:  9.94, 96.20, 1225.99
DATOS:  9.95, 96.22, 1226.48
DATOS:  9.96, 96.25, 1226.98
DATOS:  9.97, 96.28, 1227.47
DATOS:  9.97, 96.30, 1227.96
DATOS:  9.98, 96.33, 1228.44
DATOS:  9.99, 96.36, 1228.92
DATOS: 10.00, 96.39, 1229.40
DATOS: 10.01, 96.41, 1229.87
