DATOS:  0.07, 20.00, 33.48
DATOS:  0.07, 20.00, 51.12
DATOS:  0.08, 20.00, 74.88
DATOS:  0.09, 20.00, 98.64
DATOS:  0.10, 20.01, 122.40
DATOS:  0.11, 20.03, 146.15
DATOS:  0.12, 20.05, 169.91
DATOS:  0.12, 20.08, 193.65
DATOS:  0.13, 20.12, 217.40
DATOS:  0.14, 20.17, 241.13
DATOS:  0.15, 20.23, 264.86
DATOS:  0.16, 20.29, 288.58
DATOS:  0.17, 20.36, 312.29
DATOS:  0.17, 20.44, 335.99
DATOS:  0.18, 20.52, 359.68
DATOS:  0.19, 20.62, 383.36
DATOS:  0.20, 20.72, 407.02
DATOS:  0.21, 20.83, 430.67
DATOS:  0.22, 20.94, 454.30
DATOS:  0.22, 21.06, 477.92
DATOS:  0.23, 21.19, 501.52
DATOS:  0.24, 21.33, 525.10
DATOS:  0.25, 21.48, 548.66
DATOS:  0.26, 21.63, 572.20
DATOS:  0.27, 21.79, 595.73
DATOS:  0.27, 21.95, 619.22
DATOS:  0.28, 22.12, 642.70
DATOS:  0.29, 22.30, 666.15
DATOS:  0.30, 22.49, 689.58
DATOS:  0.31, 22.68, 712.98
DATOS:  0.32, 22.89, 736.36
DATOS:  0.32, 23.09, 759.70
DATOS:  0.33, 23.30, 783.02
DATOS:  0.34, 23.53, 806.31
DATOS:  0.35, 23.75, 829.57
DATOS:  0.36, 23.99, 852.80
DATOS:  0.37, 24.23, 876.00
DATOS:  0.37, 24.47, 899.16
DATOS:  0.38, 24.73, 922.29
DATOS:  0.39, 24.99, 945.39
DATOS:  0.40, 25.25, 968.45
DATOS:  0.41, 25.53, 991.48
DATOS:  0.42, 25.81, 1014.46
DATOS:  0.42, 26.09, 1037.41
DATOS:  0.43, 26.38, 1060.32
DATOS:  0.44, 26.68, 1083.20
DATOS:  0.45, 26.98, 1106.03
DATOS:  0.46, 27.30, 1128.82
DATOS:  0.47, 27.61, 1151.57
DATOS:  0.47, 27.93, 1174.27
DATOS:  0.48, 28.26, 1196.94
DATOS:  0.49, 28.60, 1219.55
DATOS:  0.50, 28.94, 1242.13
DATOS:  0.51, 29.28, 1264.66
DATOS:  0.52, 29.63, 1287.14
DATOS:  0.52, 29.99, 1309.57
DATOS:  0.53, 30.35, 1331.96
DATOS:  0.54, 30.72, 1354.30
DATOS:  0.55, 31.09, 1376.58
DATOS:  0.56, 31.47, 1398.82
DATOS:  0.57, 31.86, 1421.01
DATOS:  0.58, 32.33, 1443.13
DATOS:  0.58, 32.65, 1465.22
DATOS:  0.59, 33.13, 1487.23
DATOS:  0.60, 33.53, 1509.20
DATOS:  0.61, 33.95, 1531.11
DATOS:  0.62, 34.37, 1552.96
DATOS:  0.63, 34.79, 1574.76
DATOS:  0.63, 35.22, 1596.50
DATOS:  0.64, 35.65, 1618.19
DATOS:  0.65, 36.09, 1639.82
DATOS:  0.66, 36.53, 1661.39
DATOS:  0.67, 36.98, 1682.90
DATOS:  0.68, 37.43, 1704.35
DATOS:  0.68, 37.89, 1725.73
DATOS:  0.69, 38.35, 1747.06
DATOS:  0.70, 38.82, 1768.33
DATOS:  0.71, 39.29, 1789.53
DATOS:  0.72, 39.77, 1810.67
DATOS:  0.73, 40.25, 1831.75
DATOS:  0.73, 40.74, 1852.76
DATOS:  0.74, 41.23, 1873.71
DATOS:  0.75, 41.73, 1894.59
DATOS:  0.76, 42.23, 1915.41
DATOS:  0.77, 42.73, 1936.15
DATOS:  0.78, 43.24, 1956.84
DATOS:  0.78, 43.76, 1977.45
DATOS:  0.79, 44.28, 1997.99
DATOS:  0.80, 44.80, 2018.47
DATOS:  0.81, 45.33, 2038.88
DATOS:  0.82, 45.86, 2059.21
DATOS:  0.83, 46.39, 2079.48
DATOS:  0.83, 46.93, 2099.67
DATOS:  0.84, 47.48, 2119.79
DATOS:  0.85, 48.03, 2139.84
DATOS:  0.86, 48.58, 2159.82
DATOS:  0.87, 49.13, 2179.72
DATOS:  0.88, 49.69, 2199.55
DATOS:  0.88, 50.26, 2219.30
DATOS:  0.89, 50.82, 2238.98
DATOS:  0.90, 51.40, 2258.59
DATOS:  0.91, 51.97, 2278.12
DATOS:  0.92, 52.55, 2297.57
DATOS:  0.93, 53.13, 2316.94
DATOS:  0.93, 53.72, 2336.24
DATOS:  0.94, 54.31, 2355.46
DATOS:  0.95, 54.90, 2374.60
DATOS:  0.96, 55.50, 2393.66
DATOS:  0.97, 56.10, 2412.65
DATOS:  0.98, 56.70, 2431.55
DATOS:  0.98, 57.31, 2450.37
DATOS:  0.99, 57.92, 2469.12
DATOS:  1.00, 58.53, 2487.78
DATOS:  1.01, 59.15, 2506.36
DATOS:  1.02, 59.77, 2524.86
DATOS:  1.03, 60.39, 2543.27
DATOS:  1.03, 61.01, 2561.61
DATOS:  1.04, 61.64, 2579.86
DATOS:  1.05, 62.28, 2598.02
DATOS:  1.06, 62.91, 2616.11
DATOS:  1.07, 63.55, 2634.11
DATOS:  1.08, 64.19, 2652.02
DATOS:  1.08, 64.83, 2669.85
DATOS:  1.09, 65.48, 2687.59
DATOS:  1.10, 66.13, 2705.25
DATOS:  1.11, 66.78, 2722.82
DATOS:  1.12, 67.44, 2740.31
DATOS:  1.13, 68.09, 2757.70
DATOS:  1.13, 68.75, 2775.02
DATOS:  1.14, 69.42, 2792.24
DATOS:  1.15, 70.08, 2809.38
DATOS:  1.16, 70.75, 2826.42
DATOS:  1.17, 71.42, 2843.38
DATOS:  1.18, 72.09, 2860.25
DATOS:  1.18, 72.77, 2877.03
DATOS:  1.19, 73.44, 2893.73
DATOS:  1.20, 74.12, 2910.33
DATOS:  1.21, 74.80, 2926.84
DATOS:  1.22, 75.49, 2943.26
DATOS:  1.23, 76.17, 2959.59
DATOS:  1.23, 76.86, 2975.83
DATOS:  1.24, 77.55, 2991.98
DATOS:  1.25, 78.24, 3008.04
DATOS:  1.26, 78.94, 3024.01
DATOS:  1.27, 79.63, 3039.88
DATOS:  1.28, 80.33, 3055.66
DATOS:  1.28, 81.03, 3071.35
DATOS:  1.29, 81.73, 3086.95
DATOS:  1.30, 82.43, 3102.46
DATOS:  1.31, 83.14, 3117.87
DATOS:  1.32, 83.84, 3133.19
DATOS:  1.33, 84.55, 3148.41
DATOS:  1.33, 85.26, 3163.54
DATOS:  1.34, 85.97, 3178.58
DATOS:  1.35, 86.68, 3193.52
DATOS:  1.36, 87.40, 3208.37
DATOS:  1.37, 88.11, 3223.13
DATOS:  1.38, 88.83, 3237.79
DATOS:  1.38, 89.55, 3252.35
DATOS:  1.39, 90.27, 3266.82
DATOS:  1.40, 90.99, 3281.20
DATOS:  1.41, 91.72, 3295.48
DATOS:  1.42, 92.44, 3309.66
DATOS:  1.43, 93.17, 3323.75
DATOS:  1.43, 93.89, 3337.74
DATOS:  1.44, 94.62, 3351.63
DATOS:  1.45, 95.35, 3365.43
DATOS:  1.46, 96.08, 3379.14
DATOS:  1.47, 96.81, 3392.74
DATOS:  1.48, 97.54, 3406.25
DATOS:  1.48, 98.27, 3419.67
DATOS:  1.49, 99.01, 3432.98
DATOS:  1.50, 99.74, 3446.20
DATOS:  1.51, 100.48, 3459.32
DATOS:  1.52, 101.21, 3472.35
DATOS:  1.53, 102.10, 3485.25
DATOS:  1.54, 102.83, 3498.07
DATOS:  1.54, 103.57, 3510.78
DATOS:  1.55, 104.31, 3523.40
DATOS:  1.56, 105.05, 3535.92
DATOS:  1.57, 105.79, 3548.34
DATOS:  1.58, 106.53, 3560.66
DATOS:  1.59, 107.27, 3572.89
DATOS:  1.59, 108.01, 3585.01
DATOS:  1.60, 108.75, 3597.04
DATOS:  1.61, 109.49, 3608.98
DATOS:  1.62, 110.23, 3620.81
DATOS:  1.63, 110.98, 3632.55
DATOS:  1.64, 111.72, 3644.18
DATOS:  1.64, 112.46, 3655.72
DATOS:  1.65, 113.20, 3667.17
DATOS:  1.66, 113.95, 3678.51
DATOS:  1.67, 114.69, 3689.76
DATOS:  1.68, 115.44, 3700.90
DATOS:  1.69, 116.18, 3711.95
DATOS:  1.69, 116.92, 3722.91
DATOS:  1.70, 117.67, 3733.76
DATOS:  1.71, 118.41, 3744.51
DATOS:  1.72, 119.15, 3755.17
DATOS:  1.73, 119.90, 3765.73
DATOS:  1.74, 120.64, 3776.19
DATOS:  1.74, 121.38, 3786.55
DATOS:  1.75, 122.13, 3796.82
DATOS:  1.76, 122.87, 3806.98
DATOS:  1.77, 123.61, 3817.05
DATOS:  1.78, 124.36, 3827.02
DATOS:  1.79, 125.10, 3836.89
DATOS:  1.79, 125.84, 3846.67
DATOS:  1.80, 126.58, 3856.34
DATOS:  1.81, 127.32, 3865.92
DATOS:  1.82, 128.07, 3875.40
DATOS:  1.83, 128.81, 3884.78
DATOS:  1.84, 129.55, 3894.07
DATOS:  1.84, 130.28, 3903.26
DATOS:  1.85, 131.02, 3912.35
DATOS:  1.86, 131.76, 3921.34
DATOS:  1.87, 132.50, 3930.24
DATOS:  1.88, 133.24, 3939.03
DATOS:  1.89, 133.97, 3947.73
DATOS:  1.89, 134.71, 3956.34
DATOS:  1.90, 135.44, 3964.84
DATOS:  1.91, 136.18, 3973.25
DATOS:  1.92, 136.91, 3981.57
DATOS:  1.93, 137.64, 3989.78
DATOS:  1.94, 138.38, 3997.90
DATOS:  1.94, 139.11, 4005.93
DATOS:  1.95, 139.84, 4013.85
DATOS:  1.96, 140.57, 4021.68
DATOS:  1.97, 141.29, 4029.42
DATOS:  1.98, 142.02, 4037.06
DATOS:  1.99, 142.75, 4044.60
DATOS:  1.99, 143.47, 4052.05
DATOS:  2.00, 144.20, 4059.40
DATOS:  2.01, 144.92, 4066.66
DATOS:  2.02, 145.64, 4073.82
DATOS:  2.03, 146.36, 4080.88
DATOS:  2.04, 147.08, 4087.85
DATOS:  2.04, 147.80, 4094.73
DATOS:  2.05, 148.52, 4101.51
DATOS:  2.06, 149.23, 4108.20
DATOS:  2.07, 149.95, 4114.79
DATOS:  2.08, 150.66, 4121.29
DATOS:  2.09, 151.38, 4127.69
DATOS:  2.09, 152.09, 4134.00
DATOS:  2.10, 152.80, 4140.22
DATOS:  2.11, 153.50, 4146.34
DATOS:  2.12, 154.21, 4152.37
DATOS:  2.13, 154.92, 4158.31
DATOS:  2.14, 155.62, 4164.15
DATOS:  2.14, 156.32, 4169.90
DATOS:  2.15, 157.02, 4175.56
DATOS:  2.16, 157.72, 4181.13
DATOS:  2.17, 158.42, 4186.60
DATOS:  2.18, 159.12, 4191.99
DATOS:  2.19, 159.81, 4197.28
DATOS:  2.19, 160.51, 4202.48
DATOS:  2.20, 161.20, 4207.58
DATOS:  2.21, 161.89, 4212.60
DATOS:  2.22, 162.58, 4217.53
DATOS:  2.23, 163.26, 4222.36
DATOS:  2.24, 163.95, 4227.11
DATOS:  2.24, 164.63, 4231.76
DATOS:  2.25, 165.31, 4236.33
DATOS:  2.26, 165.99, 4240.80
DATOS:  2.27, 166.67, 4245.19
DATOS:  2.28, 167.34, 4249.49
DATOS:  2.29, 168.02, 4253.70
DATOS:  2.29, 168.69, 4257.82
DATOS:  2.30, 169.36, 4261.85
DATOS:  2.31, 170.03, 4265.79
DATOS:  2.32, 170.70, 4269.64
DATOS:  2.33, 171.36, 4273.41
DATOS:  2.34, 172.02, 4277.09
DATOS:  2.34, 172.68, 4280.68
DATOS:  2.35, 173.34, 4284.19
DATOS:  2.36, 174.00, 4287.61
DATOS:  2.37, 174.65, 4290.94
DATOS:  2.38, 175.30, 4294.19
DATOS:  2.39, 175.95, 4297.35
DATOS:  2.39, 176.60, 4300.43
DATOS:  2.40, 177.25, 4303.42
DATOS:  2.41, 177.89, 4306.32
DATOS:  2.42, 178.53, 4309.14
DATOS:  2.43, 179.17, 4311.88
DATOS:  2.44, 179.81, 4314.53
DATOS:  2.44, 180.45, 4317.10
DATOS:  2.45, 181.08, 4319.58
DATOS:  2.46, 181.71, 4321.99
DATOS:  2.47, 182.34, 4324.31
DATOS:  2.48, 182.96, 4326.54
DATOS:  2.49, 183.59, 4328.70
DATOS:  2.49, 184.21, 4330.77
DATOS:  2.50, 184.83, 4332.76
DATOS:  2.51, 185.44, 4334.67
DATOS:  2.52, 186.06, 4336.50
DATOS:  2.53, 186.67, 4338.24
DATOS:  2.54, 187.28, 4339.91
DATOS:  2.54, 187.89, 4341.50
DATOS:  2.55, 188.49, 4343.00
DATOS:  2.56, 189.10, 4344.43
DATOS:  2.57, 189.69, 4345.78
DATOS:  2.58, 190.29, 4347.05
DATOS:  2.59, 190.89, 4348.24
DATOS:  2.59, 191.48, 4349.35
DATOS:  2.60, 192.07, 4350.39
DATOS:  2.61, 192.77, 4351.32
DATOS:  2.62, 193.36, 4352.19
DATOS:  2.63, 193.94, 4352.98
DATOS:  2.64, 194.52, 4353.69
DATOS:  2.65, 195.10, 4354.33
DATOS:  2.65, 195.67, 4354.89
DATOS:  2.66, 196.24, 4355.37
DATOS:  2.67, 196.81, 4355.78
DATOS:  2.68, 197.38, 4356.12
DATOS:  2.69, 197.94, 4356.38
DATOS:  2.70, 198.50, 4356.56
DATOS:  2.70, 199.06, 4356.68
DATOS:  2.71, 199.62, 4356.72
DATOS:  2.72, 200.17, 4356.68
DATOS:  2.73, 200.72, 4356.58
DATOS:  2.74, 201.27, 4356.40
DATOS:  2.75, 201.81, 4356.15
DATOS:  2.75, 202.35, 4355.83
DATOS:  2.76, 202.89, 4355.44
DATOS:  2.77, 203.43, 4354.97
DATOS:  2.78, 203.96, 4354.44
DATOS:  2.79, 204.49, 4353.83
DATOS:  2.80, 205.02, 4353.16
DATOS:  2.80, 205.55, 4352.42
DATOS:  2.81, 206.07, 4351.61
DATOS:  2.82, 206.59, 4350.73
DATOS:  2.83, 207.11, 4349.78
DATOS:  2.84, 207.62, 4348.76
DATOS:  2.85, 208.13, 4347.68
DATOS:  2.85, 208.64, 4346.53
DATOS:  2.86, 209.15, 4345.31
DATOS:  2.87, 209.65, 4344.03
DATOS:  2.88, 210.15, 4342.68
DATOS:  2.89, 210.65, 4341.26
DATOS:  2.90, 211.14, 4339.78
DATOS:  2.90, 211.63, 4338.24
DATOS:  2.91, 212.12, 4336.63
DATOS:  2.92, 212.61, 4334.95
DATOS:  2.93, 213.09, 4333.21
DATOS:  2.94, 213.57, 4331.41
DATOS:  2.95, 214.05, 4329.55
DATOS:  2.95, 214.52, 4327.62
DATOS:  2.96, 214.99, 4325.64
DATOS:  2.97, 215.46, 4323.59
DATOS:  2.98, 215.92, 4321.48
DATOS:  2.99, 216.39, 4319.30
DATOS:  3.00, 216.84, 4317.07
DATOS:  3.00, 217.30, 4314.78
DATOS:  3.01, 217.75, 4312.42
DATOS:  3.02, 218.20, 4310.01
DATOS:  3.03, 218.65, 4307.54
DATOS:  3.04, 219.10, 4305.01
DATOS:  3.05, 219.54, 4302.42
DATOS:  3.05, 219.97, 4299.78
DATOS:  3.06, 220.41, 4297.08
DATOS:  3.07, 220.84, 4294.32
DATOS:  3.08, 221.27, 4291.50
DATOS:  3.09, 221.70, 4288.63
DATOS:  3.10, 222.12, 4285.70
DATOS:  3.10, 222.54, 4282.72
DATOS:  3.11, 222.96, 4279.68
DATOS:  3.12, 223.37, 4276.58
DATOS:  3.13, 223.78, 4273.44
DATOS:  3.14, 224.19, 4270.24
DATOS:  3.15, 224.60, 4266.98
DATOS:  3.15, 225.00, 4263.67
DATOS:  3.16, 225.40, 4260.31
DATOS:  3.17, 225.79, 4256.90
DATOS:  3.18, 226.18, 4253.44
DATOS:  3.19, 226.57, 4249.92
DATOS:  3.20, 226.96, 4246.36
DATOS:  3.20, 227.34, 4242.74
DATOS:  3.21, 227.72, 4239.07
DATOS:  3.22, 228.10, 4235.35
DATOS:  3.23, 228.48, 4231.59
DATOS:  3.24, 228.85, 4227.77
DATOS:  3.25, 229.21, 4223.91
DATOS:  3.25, 229.58, 4220.00
DATOS:  3.26, 229.94, 4216.04
DATOS:  3.27, 230.30, 4212.03
DATOS:  3.28, 230.66, 4207.98
DATOS:  3.29, 231.01, 4203.88
DATOS:  3.30, 231.36, 4199.73
DATOS:  3.30, 231.70, 4195.54
DATOS:  3.31, 232.05, 4191.30
DATOS:  3.32, 232.39, 4187.02
DATOS:  3.33, 232.73, 4182.69
DATOS:  3.34, 233.06, 4178.32
DATOS:  3.35, 233.39, 4173.91
DATOS:  3.35, 233.72, 4169.45
DATOS:  3.36, 234.04, 4164.95
DATOS:  3.37, 234.37, 4160.41
DATOS:  3.38, 234.69, 4155.82
DATOS:  3.39, 235.00, 4151.20
DATOS:  3.40, 235.31, 4146.53
DATOS:  3.40, 235.62, 4141.82
DATOS:  3.41, 235.93, 4137.07
DATOS:  3.42, 236.23, 4132.28
DATOS:  3.43, 236.53, 4127.46
DATOS:  3.44, 236.83, 4122.59
DATOS:  3.45, 237.13, 4117.68
DATOS:  3.45, 237.42, 4112.74
DATOS:  3.46, 237.71, 4107.75
DATOS:  3.47, 237.99, 4102.73
DATOS:  3.48, 238.27, 4097.68
DATOS:  3.49, 238.55, 4092.58
DATOS:  3.50, 238.83, 4087.45
DATOS:  3.50, 239.10, 4082.28
DATOS:  3.51, 239.37, 4077.08
DATOS:  3.52, 239.64, 4071.84
DATOS:  3.53, 239.95, 4066.56
DATOS:  3.54, 240.21, 4061.25
DATOS:  3.55, 240.47, 4055.90
DATOS:  3.56, 240.73, 4050.52
DATOS:  3.56, 240.98, 4045.11
DATOS:  3.57, 241.23, 4039.66
DATOS:  3.58, 241.47, 4034.18
DATOS:  3.59, 241.71, 4028.67
DATOS:  3.60, 241.95, 4023.13
DATOS:  3.61, 242.19, 4017.56
DATOS:  3.61, 242.42, 4011.95
DATOS:  3.62, 242.65, 4006.32
DATOS:  3.63, 242.88, 4000.65
DATOS:  3.64, 243.11, 3994.96
DATOS:  3.65, 243.33, 3989.23
DATOS:  3.66, 243.55, 3983.48
DATOS:  3.66, 243.76, 3977.70
DATOS:  3.67, 243.97, 3971.89
DATOS:  3.68, 244.18, 3966.05
DATOS:  3.69, 244.39, 3960.19
DATOS:  3.70, 244.59, 3954.30
DATOS:  3.71, 244.80, 3948.38
DATOS:  3.71, 244.99, 3942.44
DATOS:  3.72, 245.19, 3936.47
DATOS:  3.73, 245.38, 3930.48
DATOS:  3.74, 245.57, 3924.46
DATOS:  3.75, 245.75, 3918.42
DATOS:  3.76, 245.94, 3912.35
DATOS:  3.76, 246.12, 3906.26
DATOS:  3.77, 246.30, 3900.14
DATOS:  3.78, 246.47, 3894.01
DATOS:  3.79, 246.64, 3887.85
DATOS:  3.80, 246.81, 3881.66
DATOS:  3.81, 246.98, 3875.46
DATOS:  3.81, 247.14, 3869.24
DATOS:  3.82, 247.30, 3862.99
DATOS:  3.83, 247.46, 3856.72
DATOS:  3.84, 247.61, 3850.43
DATOS:  3.85, 247.76, 3844.13
DATOS:  3.86, 247.91, 3837.80
DATOS:  3.86, 248.06, 3831.45
DATOS:  3.87, 248.20, 3825.09
DATOS:  3.88, 248.34, 3818.71
DATOS:  3.89, 248.48, 3812.30
DATOS:  3.90, 248.61, 3805.88
DATOS:  3.91, 248.74, 3799.45
DATOS:  3.91, 248.87, 3792.99
DATOS:  3.92, 249.00, 3786.52
DATOS:  3.93, 249.12, 3780.04
DATOS:  3.94, 249.24, 3773.54
DATOS:  3.95, 249.36, 3767.02
DATOS:  3.96, 249.47, 3760.49
DATOS:  3.96, 249.59, 3753.94
DATOS:  3.97, 249.70, 3747.38
DATOS:  3.98, 249.80, 3740.80
DATOS:  3.99, 249.91, 3734.21
DATOS:  4.00, 250.01, 3727.61
DATOS:  4.01, 250.11, 3720.99
DATOS:  4.01, 250.20, 3714.36
DATOS:  4.02, 250.30, 3707.72
DATOS:  4.03, 250.39, 3701.07
DATOS:  4.04, 250.48, 3694.40
DATOS:  4.05, 250.56, 3687.73
DATOS:  4.06, 250.65, 3681.04
DATOS:  4.06, 250.73, 3674.34
DATOS:  4.07, 250.80, 3667.64
DATOS:  4.08, 250.88, 3660.92
DATOS:  4.09, 250.95, 3654.19
DATOS:  4.10, 251.02, 3647.46
DATOS:  4.11, 251.09, 3640.71
DATOS:  4.11, 251.15, 3633.96
DATOS:  4.12, 251.21, 3627.20
DATOS:  4.13, 251.27, 3620.43
DATOS:  4.14, 251.33, 3613.65
DATOS:  4.15, 251.39, 3606.87
DATOS:  4.16, 251.44, 3600.07
DATOS:  4.16, 251.49, 3593.28
DATOS:  4.17, 251.53, 3586.47
DATOS:  4.18, 251.58, 3579.66
DATOS:  4.19, 251.62, 3572.85
DATOS:  4.20, 251.66, 3566.03
DATOS:  4.21, 251.70, 3559.21
DATOS:  4.21, 251.73, 3552.38
DATOS:  4.22, 251.76, 3545.54
DATOS:  4.23, 251.79, 3538.70
DATOS:  4.24, 251.82, 3531.86
DATOS:  4.25, 251.85, 3525.02
DATOS:  4.26, 251.87, 3518.17
DATOS:  4.26, 251.89, 3511.32
DATOS:  4.27, 251.91, 3504.47
DATOS:  4.28, 251.92, 3497.62
DATOS:  4.29, 251.94, 3490.76
DATOS:  4.30, 251.95, 3483.90
DATOS:  4.31, 251.96, 3477.05
DATOS:  4.31, 251.96, 3470.19
DATOS:  4.32, 251.97, 3463.33
DATOS:  4.33, 251.97, 3456.47
DATOS:  4.34, 251.97, 3449.61
DATOS:  4.35, 251.96, 3442.75
DATOS:  4.36, 251.96, 3435.89
DATOS:  4.36, 251.95, 3429.03
DATOS:  4.37, 251.94, 3422.18
DATOS:  4.38, 251.93, 3415.32
DATOS:  4.39, 251.91, 3408.47
DATOS:  4.40, 251.90, 3401.62
DATOS:  4.41, 251.88, 3394.77
DATOS:  4.41, 251.86, 3387.93
DATOS:  4.42, 251.83, 3381.09
DATOS:  4.43, 251.81, 3374.25
DATOS:  4.44, 251.78, 3367.42
DATOS:  4.45, 251.75, 3360.58
DATOS:  4.46, 251.72, 3353.76
DATOS:  4.46, 251.69, 3346.94
DATOS:  4.47, 251.65, 3340.12
DATOS:  4.48, 251.61, 3333.31
DATOS:  4.49, 251.57, 3326.50
DATOS:  4.50, 251.53, 3319.70
DATOS:  4.51, 251.49, 3312.90
DATOS:  4.51, 251.44, 3306.12
DATOS:  4.52, 251.39, 3299.33
DATOS:  4.53, 251.34, 3292.56
DATOS:  4.54, 251.29, 3285.79
DATOS:  4.55, 251.24, 3279.03
DATOS:  4.56, 251.18, 3272.27
DATOS:  4.56, 251.12, 3265.52
DATOS:  4.57, 251.06, 3258.79
DATOS:  4.58, 251.00, 3252.05
DATOS:  4.59, 250.94, 3245.33
DATOS:  4.60, 250.87, 3238.62
DATOS:  4.61, 250.80, 3231.91
DATOS:  4.61, 250.73, 3225.22
DATOS:  4.62, 250.66, 3218.53
DATOS:  4.63, 250.59, 3211.86
DATOS:  4.64, 250.51, 3205.19
DATOS:  4.65, 250.44, 3198.53
DATOS:  4.66, 250.36, 3191.89
DATOS:  4.66, 250.28, 3185.25
DATOS:  4.67, 250.19, 3178.63
DATOS:  4.68, 250.11, 3172.02
DATOS:  4.69, 250.02, 3165.42
DATOS:  4.70, 249.92, 3158.83
DATOS:  4.71, 249.83, 3152.26
DATOS:  4.72, 249.73, 3145.69
DATOS:  4.72, 249.64, 3139.14
DATOS:  4.73, 249.55, 3132.60
DATOS:  4.74, 249.45, 3126.08
DATOS:  4.75, 249.35, 3119.57
DATOS:  4.76, 249.25, 3113.07
DATOS:  4.77, 249.15, 3106.58
DATOS:  4.77, 249.05, 3100.11
DATOS:  4.78, 248.94, 3093.65
DATOS:  4.79, 248.83, 3087.21
DATOS:  4.80, 248.73, 3080.78
DATOS:  4.81, 248.62, 3074.36
DATOS:  4.82, 248.50, 3067.96
DATOS:  4.82, 248.39, 3061.58
DATOS:  4.83, 248.28, 3055.21
DATOS:  4.84, 248.16, 3048.85
DATOS:  4.85, 248.04, 3042.51
DATOS:  4.86, 247.92, 3036.19
DATOS:  4.87, 247.80, 3029.88
DATOS:  4.87, 247.68, 3023.59
DATOS:  4.88, 247.56, 3017.31
DATOS:  4.89, 247.43, 3011.06
DATOS:  4.90, 247.30, 3004.81
DATOS:  4.91, 247.18, 2998.59
DATOS:  4.92, 247.05, 2992.38
DATOS:  4.92, 246.92, 2986.19
DATOS:  4.93, 246.78, 2980.02
DATOS:  4.94, 246.65, 2973.86
DATOS:  4.95, 246.51, 2967.73
DATOS:  4.96, 246.38, 2961.61
DATOS:  4.97, 246.24, 2955.51
DATOS:  4.97, 246.10, 2949.42
DATOS:  4.98, 245.96, 2943.36
DATOS:  4.99, 245.82, 2937.32
DATOS:  5.00, 245.67, 2931.29
DATOS:  5.01, 245.53, 2925.28
DATOS:  5.02, 245.38, 2919.30
DATOS:  5.02, 245.23, 2913.33
DATOS:  5.03, 245.09, 2907.38
DATOS:  5.04, 244.94, 2901.45
DATOS:  5.05, 244.78, 2895.54
DATOS:  5.06, 244.63, 2889.66
DATOS:  5.07, 244.48, 2883.79
DATOS:  5.07, 244.32, 2877.94
DATOS:  5.08, 244.17, 2872.11
DATOS:  5.09, 244.01, 2866.31
DATOS:  5.10, 243.85, 2860.52
DATOS:  5.11, 243.69, 2854.76
DATOS:  5.12, 243.53, 2849.01
DATOS:  5.12, 243.37, 2843.29
DATOS:  5.13, 243.21, 2837.59
DATOS:  5.14, 243.04, 2831.92
DATOS:  5.15, 242.88, 2826.26
DATOS:  5.16, 242.71, 2820.62
DATOS:  5.17, 242.54, 2815.01
DATOS:  5.17, 242.37, 2809.42
DATOS:  5.18, 242.21, 2803.85
DATOS:  5.19, 242.04, 2798.31
DATOS:  5.20, 241.86, 2792.79
DATOS:  5.21, 241.69, 2787.29
DATOS:  5.22, 241.52, 2781.81
DATOS:  5.22, 241.34, 2776.36
DATOS:  5.23, 241.17, 2770.93
DATOS:  5.24, 240.99, 2765.52
DATOS:  5.25, 240.81, 2760.13
DATOS:  5.26, 240.64, 2754.77
DATOS:  5.27, 240.46, 2749.44
DATOS:  5.27, 240.28, 2744.12
DATOS:  5.28, 240.10, 2738.84
DATOS:  5.29, 239.91, 2733.57
DATOS:  5.30, 239.73, 2728.33
DATOS:  5.31, 239.55, 2723.11
DATOS:  5.32, 239.36, 2717.92
DATOS:  5.32, 239.18, 2712.75
DATOS:  5.33, 238.99, 2707.61
DATOS:  5.34, 238.81, 2702.49
DATOS:  5.35, 238.62, 2697.40
DATOS:  5.36, 238.43, 2692.33
DATOS:  5.37, 238.24, 2687.28
DATOS:  5.37, 238.05, 2682.27
DATOS:  5.38, 237.86, 2677.27
DATOS:  5.39, 237.67, 2672.30
DATOS:  5.40, 237.48, 2667.36
DATOS:  5.41, 237.28, 2662.44
DATOS:  5.42, 237.09, 2657.55
DATOS:  5.42, 236.90, 2652.68
DATOS:  5.43, 236.70, 2647.84
DATOS:  5.44, 236.50, 2643.03
DATOS:  5.45, 236.31, 2638.24
DATOS:  5.46, 236.11, 2633.48
DATOS:  5.47, 235.91, 2628.74
DATOS:  5.47, 235.72, 2624.03
DATOS:  5.48, 235.52, 2619.35
DATOS:  5.49, 235.32, 2614.69
DATOS:  5.50, 235.12, 2610.06
DATOS:  5.51, 234.92, 2605.45
DATOS:  5.52, 234.72, 2600.87
DATOS:  5.52, 234.52, 2596.32
DATOS:  5.53, 234.31, 2591.80
DATOS:  5.54, 234.11, 2587.30
DATOS:  5.55, 233.91, 2582.83
DATOS:  5.56, 233.70, 2578.38
DATOS:  5.57, 233.50, 2573.96
DATOS:  5.57, 233.30, 2569.57
DATOS:  5.58, 233.09, 2565.21
DATOS:  5.59, 232.89, 2560.87
DATOS:  5.60, 232.64, 2556.57
DATOS:  5.61, 232.43, 2552.29
DATOS:  5.62, 232.22, 2548.04
DATOS:  5.63, 232.02, 2543.82
DATOS:  5.63, 231.81, 2539.62
DATOS:  5.64, 231.60, 2535.46
DATOS:  5.65, 231.39, 2531.32
DATOS:  5.66, 231.19, 2527.21
DATOS:  5.67, 230.98, 2523.12
DATOS:  5.68, 230.77, 2519.06
DATOS:  5.68, 230.56, 2515.03
DATOS:  5.69, 230.35, 2511.03
DATOS:  5.70, 230.14, 2507.06
DATOS:  5.71, 229.93, 2503.11
DATOS:  5.72, 229.72, 2499.19
DATOS:  5.73, 229.51, 2495.30
DATOS:  5.73, 229.29, 2491.44
DATOS:  5.74, 229.08, 2487.61
DATOS:  5.75, 228.87, 2483.80
DATOS:  5.76, 228.66, 2480.02
DATOS:  5.77, 228.45, 2476.27
DATOS:  5.78, 228.23, 2472.55
DATOS:  5.78, 228.02, 2468.85
DATOS:  5.79, 227.81, 2465.19
DATOS:  5.80, 227.59, 2461.55
DATOS:  5.81, 227.38, 2457.94
DATOS:  5.82, 227.17, 2454.36
DATOS:  5.83, 226.95, 2450.80
DATOS:  5.83, 226.74, 2447.28
DATOS:  5.84, 226.53, 2443.78
DATOS:  5.85, 226.31, 2440.31
DATOS:  5.86, 226.10, 2436.87
DATOS:  5.87, 225.88, 2433.46
DATOS:  5.88, 225.67, 2430.08
DATOS:  5.88, 225.45, 2426.72
DATOS:  5.89, 225.24, 2423.39
DATOS:  5.90, 225.03, 2420.09
DATOS:  5.91, 224.81, 2416.82
DATOS:  5.92, 224.60, 2413.58
DATOS:  5.93, 224.38, 2410.37
DATOS:  5.93, 224.17, 2407.18
DATOS:  5.94, 223.95, 2404.02
DATOS:  5.95, 223.74, 2400.90
DATOS:  5.96, 223.52, 2397.79
DATOS:  5.97, 223.31, 2394.72
DATOS:  5.98, 223.09, 2391.68
DATOS:  5.98, 222.88, 2388.66
DATOS:  5.99, 222.66, 2385.68
DATOS:  6.00, 222.45, 2382.72
DATOS:  6.01, 222.23, 2379.79
DATOS:  6.02, 222.02, 2376.88
DATOS:  6.03, 221.80, 2374.01
DATOS:  6.03, 221.59, 2371.16
DATOS:  6.04, 221.38, 2368.35
DATOS:  6.05, 221.16, 2365.56
DATOS:  6.06, 220.95, 2362.80
DATOS:  6.07, 220.73, 2360.06
DATOS:  6.08, 220.52, 2357.36
DATOS:  6.08, 220.31, 2354.68
DATOS:  6.09, 220.09, 2352.04
DATOS:  6.10, 219.88, 2349.42
DATOS:  6.11, 219.67, 2346.82
DATOS:  6.12, 219.45, 2344.26
DATOS:  6.13, 219.24, 2341.72
DATOS:  6.13, 219.03, 2339.22
DATOS:  6.14, 218.82, 2336.74
DATOS:  6.15, 218.60, 2334.29
DATOS:  6.16, 218.39, 2331.86
DATOS:  6.17, 218.18, 2329.47
DATOS:  6.18, 217.97, 2327.10
DATOS:  6.18, 217.76, 2324.76
DATOS:  6.19, 217.55, 2322.45
DATOS:  6.20, 217.34, 2320.16
DATOS:  6.21, 217.13, 2317.91
DATOS:  6.22, 216.92, 2315.68
DATOS:  6.23, 216.71, 2313.48
DATOS:  6.23, 216.50, 2311.30
DATOS:  6.24, 216.29, 2309.16
DATOS:  6.25, 216.08, 2307.04
DATOS:  6.26, 215.87, 2304.95
DATOS:  6.27, 215.66, 2302.89
DATOS:  6.28, 215.45, 2300.85
DATOS:  6.28, 215.24, 2298.84
DATOS:  6.29, 215.04, 2296.86
DATOS:  6.30, 214.83, 2294.91
DATOS:  6.31, 214.62, 2292.98
DATOS:  6.32, 214.42, 2291.08
DATOS:  6.33, 214.21, 2289.21
DATOS:  6.33, 214.00, 2287.37
DATOS:  6.34, 213.80, 2285.55
DATOS:  6.35, 213.59, 2283.76
DATOS:  6.36, 213.39, 2282.00
DATOS:  6.37, 213.19, 2280.26
DATOS:  6.38, 212.98, 2278.55
DATOS:  6.38, 212.78, 2276.87
DATOS:  6.39, 212.58, 2275.21
DATOS:  6.40, 212.37, 2273.58
DATOS:  6.41, 212.17, 2271.98
DATOS:  6.42, 211.97, 2270.41
DATOS:  6.43, 211.77, 2268.86
DATOS:  6.43, 211.57, 2267.33
DATOS:  6.44, 211.37, 2265.84
DATOS:  6.45, 211.17, 2264.37
DATOS:  6.46, 210.97, 2262.92
DATOS:  6.47, 210.77, 2261.50
DATOS:  6.48, 210.57, 2260.11
DATOS:  6.48, 210.38, 2258.75
DATOS:  6.49, 210.18, 2257.41
DATOS:  6.50, 209.98, 2256.09
DATOS:  6.51, 209.79, 2254.81
DATOS:  6.52, 209.59, 2253.54
DATOS:  6.53, 209.39, 2252.31
DATOS:  6.53, 209.20, 2251.10
DATOS:  6.54, 209.01, 2249.91
DATOS:  6.55, 208.81, 2248.75
DATOS:  6.56, 208.62, 2247.62
DATOS:  6.57, 208.43, 2246.51
DATOS:  6.58, 208.24, 2245.43
DATOS:  6.58, 208.04, 2244.37
DATOS:  6.59, 207.85, 2243.34
DATOS:  6.60, 207.66, 2242.33
DATOS:  6.61, 207.47, 2241.35
DATOS:  6.62, 207.29, 2240.39
DATOS:  6.63, 207.10, 2239.45
DATOS:  6.63, 206.91, 2238.55
DATOS:  6.64, 206.72, 2237.66
DATOS:  6.65, 206.54, 2236.80
DATOS:  6.66, 206.35, 2235.97
DATOS:  6.67, 206.17, 2235.16
DATOS:  6.68, 205.94, 2234.38
DATOS:  6.69, 205.76, 2233.62
DATOS:  6.69, 205.58, 2232.89
DATOS:  6.70, 205.39, 2232.18
DATOS:  6.71, 205.21, 2231.50
DATOS:  6.72, 205.03, 2230.84
DATOS:  6.73, 204.85, 2230.20
DATOS:  6.74, 204.67, 2229.59
DATOS:  6.74, 204.49, 2229.00
DATOS:  6.75, 204.31, 2228.43
DATOS:  6.76, 204.14, 2227.89
DATOS:  6.77, 203.96, 2227.37
DATOS:  6.78, 203.78, 2226.87
DATOS:  6.79, 203.61, 2226.40
DATOS:  6.79, 203.43, 2225.95
DATOS:  6.80, 203.26, 2225.53
DATOS:  6.81, 203.08, 2225.12
DATOS:  6.82, 202.91, 2224.74
DATOS:  6.83, 202.74, 2224.38
DATOS:  6.84, 202.57, 2224.05
DATOS:  6.84, 202.40, 2223.73
DATOS:  6.85, 202.23, 2223.44
DATOS:  6.86, 202.06, 2223.18
DATOS:  6.87, 201.89, 2222.93
DATOS:  6.88, 201.72, 2222.71
DATOS:  6.89, 201.55, 2222.50
DATOS:  6.89, 201.39, 2222.32
DATOS:  6.90, 201.22, 2222.17
DATOS:  6.91, 201.06, 2222.03
DATOS:  6.92, 200.89, 2221.92
DATOS:  6.93, 200.73, 2221.82
DATOS:  6.94, 200.57, 2221.75
DATOS:  6.94, 200.40, 2221.70
DATOS:  6.95, 200.24, 2221.67
DATOS:  6.96, 200.08, 2221.67
DATOS:  6.97, 199.92, 2221.68
DATOS:  6.98, 199.76, 2221.71
DATOS:  6.99, 199.61, 2221.77
DATOS:  6.99, 199.45, 2221.84
DATOS:  7.00, 199.29, 2221.94
DATOS:  7.01, 199.14, 2222.06
DATOS:  7.02, 198.98, 2222.19
DATOS:  7.03, 198.83, 2222.35
DATOS:  7.04, 198.68, 2222.53
DATOS:  7.04, 198.52, 2222.73
DATOS:  7.05, 198.37, 2222.95
DATOS:  7.06, 198.22, 2223.18
DATOS:  7.07, 198.07, 2223.44
DATOS:  7.08, 197.92, 2223.72
DATOS:  7.09, 197.77, 2224.02
DATOS:  7.09, 197.63, 2224.33
DATOS:  7.10, 197.48, 2224.67
DATOS:  7.11, 197.33, 2225.02
DATOS:  7.12, 197.19, 2225.40
DATOS:  7.13, 197.04, 2225.79
DATOS:  7.14, 196.90, 2226.20
DATOS:  7.14, 196.76, 2226.63
DATOS:  7.15, 196.62, 2227.08
DATOS:  7.16, 196.48, 2227.55
DATOS:  7.17, 196.34, 2228.04
DATOS:  7.18, 196.20, 2228.54
DATOS:  7.19, 196.06, 2229.06
DATOS:  7.19, 195.92, 2229.60
DATOS:  7.20, 195.78, 2230.16
DATOS:  7.21, 195.65, 2230.74
DATOS:  7.22, 195.51, 2231.34
DATOS:  7.23, 195.38, 2231.95
DATOS:  7.24, 195.25, 2232.58
DATOS:  7.24, 195.11, 2233.23
DATOS:  7.25, 194.98, 2233.89
DATOS:  7.26, 194.85, 2234.57
DATOS:  7.27, 194.72, 2235.27
DATOS:  7.28, 194.59, 2235.99
DATOS:  7.29, 194.46, 2236.72
DATOS:  7.29, 194.34, 2237.47
DATOS:  7.30, 194.21, 2238.24
DATOS:  7.31, 194.09, 2239.02
DATOS:  7.32, 193.96, 2239.82
DATOS:  7.33, 193.84, 2240.64
DATOS:  7.34, 193.71, 2241.47
DATOS:  7.34, 193.59, 2242.32
DATOS:  7.35, 193.47, 2243.18
DATOS:  7.36, 193.35, 2244.06
DATOS:  7.37, 193.23, 2244.96
DATOS:  7.38, 193.11, 2245.87
DATOS:  7.39, 193.00, 2246.80
DATOS:  7.39, 192.88, 2247.74
DATOS:  7.40, 192.76, 2248.70
DATOS:  7.41, 192.65, 2249.67
DATOS:  7.42, 192.53, 2250.66
DATOS:  7.43, 192.42, 2251.66
DATOS:  7.44, 192.31, 2252.68
DATOS:  7.44, 192.20, 2253.71
DATOS:  7.45, 192.09, 2254.76
DATOS:  7.46, 191.98, 2255.82
DATOS:  7.47, 191.87, 2256.89
DATOS:  7.48, 191.76, 2257.98
DATOS:  7.49, 191.65, 2259.09
DATOS:  7.49, 191.55, 2260.20
DATOS:  7.50, 191.44, 2261.34
DATOS:  7.51, 191.34, 2262.48
DATOS:  7.52, 191.23, 2263.64
DATOS:  7.53, 191.13, 2264.81
DATOS:  7.54, 191.03, 2266.00
DATOS:  7.54, 190.93, 2267.20
DATOS:  7.55, 190.83, 2268.41
DATOS:  7.56, 190.73, 2269.64
DATOS:  7.57, 190.63, 2270.88
DATOS:  7.58, 190.53, 2272.13
DATOS:  7.59, 190.44, 2273.39
DATOS:  7.60, 190.34, 2274.67
DATOS:  7.60, 190.23, 2275.96
DATOS:  7.61, 190.14, 2277.26
DATOS:  7.62, 190.04, 2278.58
DATOS:  7.63, 189.95, 2279.91
DATOS:  7.64, 189.86, 2281.25
DATOS:  7.65, 189.77, 2282.60
DATOS:  7.65, 189.68, 2283.96
DATOS:  7.66, 189.59, 2285.34
DATOS:  7.67, 189.51, 2286.73
DATOS:  7.68, 189.42, 2288.13
DATOS:  7.69, 189.33, 2289.54
DATOS:  7.70, 189.25, 2290.96
DATOS:  7.70, 189.16, 2292.39
DATOS:  7.71, 189.08, 2293.83
DATOS:  7.72, 189.00, 2295.29
DATOS:  7.73, 188.92, 2296.75
DATOS:  7.74, 188.84, 2298.22
DATOS:  7.75, 188.76, 2299.71
DATOS:  7.75, 188.68, 2301.21
DATOS:  7.76, 188.60, 2302.71
DATOS:  7.77, 188.53, 2304.23
DATOS:  7.78, 188.45, 2305.75
DATOS:  7.79, 188.37, 2307.29
DATOS:  7.80, 188.30, 2308.84
DATOS:  7.80, 188.23, 2310.39
DATOS:  7.81, 188.15, 2311.96
DATOS:  7.82, 188.08, 2313.53
DATOS:  7.83, 188.01, 2315.11
DATOS:  7.84, 187.94, 2316.71
DATOS:  7.85, 187.87, 2318.31
DATOS:  7.85, 187.81, 2319.92
DATOS:  7.86, 187.74, 2321.54
DATOS:  7.87, 187.67, 2323.17
DATOS:  7.88, 187.61, 2324.81
DATOS:  7.89, 187.54, 2326.45
DATOS:  7.90, 187.48, 2328.11
DATOS:  7.90, 187.42, 2329.77
DATOS:  7.91, 187.35, 2331.44
DATOS:  7.92, 187.29, 2333.12
DATOS:  7.93, 187.23, 2334.80
DATOS:  7.94, 187.17, 2336.50
DATOS:  7.95, 187.11, 2338.20
DATOS:  7.95, 187.06, 2339.91
DATOS:  7.96, 187.00, 2341.63
DATOS:  7.97, 186.94, 2343.35
DATOS:  7.98, 186.89, 2345.08
DATOS:  7.99, 186.83, 2346.82
DATOS:  8.00, 186.78, 2348.57
DATOS:  8.00, 186.73, 2350.32
DATOS:  8.01, 186.68, 2352.08
DATOS:  8.02, 186.62, 2353.85
DATOS:  8.03, 186.57, 2355.62
DATOS:  8.04, 186.53, 2357.40
DATOS:  8.05, 186.48, 2359.19
DATOS:  8.05, 186.43, 2360.98
DATOS:  8.06, 186.38, 2362.78
DATOS:  8.07, 186.34, 2364.58
DATOS:  8.08, 186.29, 2366.39
DATOS:  8.09, 186.25, 2368.21
DATOS:  8.10, 186.20, 2370.03
DATOS:  8.10, 186.16, 2371.86
DATOS:  8.11, 186.12, 2373.69
DATOS:  8.12, 186.08, 2375.53
DATOS:  8.13, 186.04, 2377.37
DATOS:  8.14, 186.00, 2379.22
DATOS:  8.15, 185.96, 2381.08
DATOS:  8.15, 185.92, 2382.94
DATOS:  8.16, 185.88, 2384.80
DATOS:  8.17, 185.85, 2386.67
DATOS:  8.18, 185.81, 2388.54
DATOS:  8.19, 185.78, 2390.42
DATOS:  8.20, 185.74, 2392.30
DATOS:  8.20, 185.71, 2394.19
DATOS:  8.21, 185.68, 2396.08
DATOS:  8.22, 185.65, 2397.98
DATOS:  8.23, 185.62, 2399.88
DATOS:  8.24, 185.59, 2401.78
DATOS:  8.25, 185.56, 2403.69
DATOS:  8.25, 185.53, 2405.60
DATOS:  8.26, 185.50, 2407.51
DATOS:  8.27, 185.47, 2409.43
DATOS:  8.28, 185.45, 2411.35
DATOS:  8.29, 185.42, 2413.28
DATOS:  8.30, 185.40, 2415.20
DATOS:  8.30, 185.37, 2417.13
DATOS:  8.31, 185.35, 2419.07
DATOS:  8.32, 185.33, 2421.01
DATOS:  8.33, 185.31, 2422.95
DATOS:  8.34, 185.29, 2424.89
DATOS:  8.35, 185.27, 2426.83
DATOS:  8.35, 185.25, 2428.78
DATOS:  8.36, 185.23, 2430.73
DATOS:  8.37, 185.21, 2432.68
DATOS:  8.38, 185.19, 2434.64
DATOS:  8.39, 185.18, 2436.60
DATOS:  8.40, 185.16, 2438.55
DATOS:  8.40, 185.15, 2440.52
DATOS:  8.41, 185.13, 2442.48
DATOS:  8.42, 185.12, 2444.44
DATOS:  8.43, 185.11, 2446.41
DATOS:  8.44, 185.09, 2448.38
DATOS:  8.45, 185.08, 2450.35
DATOS:  8.45, 185.07, 2452.32
DATOS:  8.46, 185.06, 2454.29
DATOS:  8.47, 185.05, 2456.26
DATOS:  8.48, 185.04, 2458.24
DATOS:  8.49, 185.04, 2460.21
DATOS:  8.50, 185.03, 2462.19
DATOS:  8.50, 185.02, 2464.16
DATOS:  8.51, 185.02, 2466.14
DATOS:  8.52, 185.01, 2468.12
DATOS:  8.53, 185.01, 2470.10
DATOS:  8.54, 185.00, 2472.08
DATOS:  8.55, 185.00, 2474.06
DATOS:  8.56, 185.00, 2476.04
DATOS:  8.56, 185.00, 2478.02
DATOS:  8.57, 185.00, 2480.00
DATOS:  8.58, 185.00, 2481.98
DATOS:  8.59, 185.00, 2483.96
DATOS:  8.60, 185.00, 2485.94
DATOS:  8.61, 185.00, 2487.92
DATOS:  8.61, 185.00, 2489.90
DATOS:  8.62, 185.00, 2491.88
DATOS:  8.63, 185.01, 2493.86
DATOS:  8.64, 185.01, 2495.84
DATOS:  8.65, 185.02, 2497.82
DATOS:  8.66, 185.02, 2499.79
DATOS:  8.66, 185.03, 2501.77
DATOS:  8.67, 185.03, 2503.75
DATOS:  8.68, 185.04, 2505.72
DATOS:  8.69, 185.05, 2507.69
DATOS:  8.70, 185.06, 2509.66
DATOS:  8.71, 185.07, 2511.64
DATOS:  8.71, 185.08, 2513.60
DATOS:  8.72, 185.09, 2515.57
DATOS:  8.73, 185.10, 2517.54
DATOS:  8.74, 185.11, 2519.50
DATOS:  8.75, 185.12, 2521.47
DATOS:  8.76, 185.14, 2523.43
DATOS:  8.76, 185.15, 2525.39
DATOS:  8.77, 185.16, 2527.35
DATOS:  8.78, 185.18, 2529.30
DATOS:  8.79, 185.19, 2531.26
DATOS:  8.80, 185.21, 2533.21
DATOS:  8.81, 185.23, 2535.16
DATOS:  8.81, 185.24, 2537.11
DATOS:  8.82, 185.26, 2539.05
DATOS:  8.83, 185.28, 2541.00
DATOS:  8.84, 185.30, 2542.94
DATOS:  8.85, 185.32, 2544.87
DATOS:  8.86, 185.34, 2546.81
DATOS:  8.86, 185.36, 2548.74
DATOS:  8.87, 185.38, 2550.67
DATOS:  8.88, 185.40, 2552.60
DATOS:  8.89, 185.42, 2554.52
DATOS:  8.90, 185.44, 2556.44
DATOS:  8.91, 185.47, 2558.36
DATOS:  8.91, 185.49, 2560.28
DATOS:  8.92, 185.51, 2562.19
DATOS:  8.93, 185.54, 2564.10
DATOS:  8.94, 185.56, 2566.00
DATOS:  8.95, 185.59, 2567.90
DATOS:  8.96, 185.61, 2569.80
DATOS:  8.96, 185.64, 2571.70
DATOS:  8.97, 185.67, 2573.59
DATOS:  8.98, 185.70, 2575.48
DATOS:  8.99, 185.72, 2577.36
DATOS:  9.00, 185.75, 2579.24
DATOS:  9.01, 185.78, 2581.12
DATOS:  9.01, 185.81, 2582.99
DATOS:  9.02, 185.84, 2584.86
DATOS:  9.03, 185.87, 2586.72
DATOS:  9.04, 185.90, 2588.58
DATOS:  9.05, 185.93, 2590.44
DATOS:  9.06, 185.96, 2592.29
DATOS:  9.06, 186.00, 2594.14
DATOS:  9.07, 186.03, 2595.98
DATOS:  9.08, 186.06, 2597.82
DATOS:  9.09, 186.10, 2599.66
DATOS:  9.10, 186.13, 2601.49
DATOS:  9.11, 186.17, 2603.31
DATOS:  9.11, 186.20, 2605.13
DATOS:  9.12, 186.24, 2606.95
DATOS:  9.13, 186.27, 2608.76
DATOS:  9.14, 186.31, 2610.57
DATOS:  9.15, 186.35, 2612.37
DATOS:  9.16, 186.38, 2614.16
DATOS:  9.16, 186.42, 2615.96
DATOS:  9.17, 186.46, 2617.74
DATOS:  9.18, 186.50, 2619.52
DATOS:  9.19, 186.54, 2621.30
DATOS:  9.20, 186.57, 2623.07
DATOS:  9.21, 186.61, 2624.84
DATOS:  9.21, 186.65, 2626.60
DATOS:  9.22, 186.69, 2628.36
DATOS:  9.23, 186.74, 2630.11
DATOS:  9.24, 186.78, 2631.85
DATOS:  9.25, 186.82, 2633.59
DATOS:  9.26, 186.86, 2635.32
DATOS:  9.26, 186.90, 2637.05
DATOS:  9.27, 186.94, 2638.77
DATOS:  9.28, 186.99, 2640.49
DATOS:  9.29, 187.03, 2642.20
DATOS:  9.30, 187.07, 2643.91
DATOS:  9.31, 187.12, 2645.61
DATOS:  9.31, 187.16, 2647.30
DATOS:  9.32, 187.21, 2648.99
DATOS:  9.33, 187.25, 2650.67
DATOS:  9.34, 187.30, 2652.34
DATOS:  9.35, 187.34, 2654.01
DATOS:  9.36, 187.39, 2655.68
DATOS:  9.36, 187.44, 2657.33
DATOS:  9.37, 187.48, 2658.99
DATOS:  9.38, 187.53, 2660.63
DATOS:  9.39, 187.58, 2662.27
DATOS:  9.40, 187.63, 2663.90
DATOS:  9.41, 187.67, 2665.53
DATOS:  9.41, 187.72, 2667.15
DATOS:  9.42, 187.77, 2668.76
DATOS:  9.43, 187.82, 2670.37
DATOS:  9.44, 187.88, 2671.97
DATOS:  9.45, 187.93, 2673.56
DATOS:  9.46, 187.98, 2675.14
DATOS:  9.47, 188.03, 2676.72
DATOS:  9.47, 188.08, 2678.30
DATOS:  9.48, 188.13, 2679.86
DATOS:  9.49, 188.18, 2681.42
DATOS:  9.50, 188.23, 2682.97
DATOS:  9.51, 188.28, 2684.52
DATOS:  9.52, 188.34, 2686.06
DATOS:  9.52, 188.39, 2687.59
DATOS:  9.53, 188.44, 2689.11
DATOS:  9.54, 188.49, 2690.63
DATOS:  9.55, 188.55, 2692.14
DATOS:  9.56, 188.60, 2693.65
DATOS:  9.57, 188.65, 2695.14
DATOS:  9.57, 188.71, 2696.63
DATOS:  9.58, 188.76, 2698.12
DATOS:  9.59, 188.81, 2699.59
DATOS:  9.60, 188.87, 2701.06
DATOS:  9.61, 188.92, 2702.52
DATOS:  9.62, 188.98, 2703.98
DATOS:  9.62, 189.03, 2705.42
DATOS:  9.63, 189.09, 2706.86
DATOS:  9.64, 189.14, 2708.29
DATOS:  9.65, 189.20, 2709.72
DATOS:  9.66, 189.25, 2711.14
DATOS:  9.67, 189.31, 2712.55
DATOS:  9.67, 189.36, 2713.95
DATOS:  9.68, 189.42, 2715.35
DATOS:  9.69, 189.48, 2716.73
DATOS:  9.70, 189.53, 2718.11
DATOS:  9.71, 189.59, 2719.49
DATOS:  9.72, 189.65, 2720.85
DATOS:  9.72, 189.70, 2722.21
DATOS:  9.73, 189.76, 2723.56
DATOS:  9.74, 189.82, 2724.90
DATOS:  9.75, 189.88, 2726.24
DATOS:  9.76, 189.94, 2727.56
DATOS:  9.77, 189.99, 2728.88
DATOS:  9.77, 190.05, 2730.20
DATOS:  9.78, 190.11, 2731.50
DATOS:  9.79, 190.17, 2732.80
DATOS:  9.80, 190.23, 2734.09
DATOS:  9.81, 190.29, 2735.37
DATOS:  9.82, 190.34, 2736.64
DATOS:  9.82, 190.40, 2737.91
DATOS:  9.83, 190.46, 2739.16
DATOS:  9.84, 190.52, 2740.41
DATOS:  9.85, 190.58, 2741.66
DATOS:  9.86, 190.64, 2742.89
DATOS:  9.87, 190.70, 2744.12
DATOS:  9.87, 190.76, 2745.33
DATOS:  9.88, 190.82, 2746.54
DATOS:  9.89, 190.88, 2747.75
DATOS:  9.90, 190.94, 2748.94
DATOS:  9.91, 191.00, 2750.13
DATOS:  9.92, 191.06, 2751.31
DATOS:  9.92, 191.12, 2752.48
DATOS:  9.93, 191.18, 2753.64
DATOS:  9.94, 191.24, 2754.79
DATOS:  9.95, 191.30, 2755.94
DATOS:  9.96, 191.36, 2757.08
DATOS:  9.97, 191.43, 2758.21
DATOS:  9.97, 191.49, 2759.33
DATOS:  9.98, 191.55, 2760.45
DATOS:  9.99, 191.61, 2761.55
DATOS: 10.00, 191.67, 2762.65
DATOS: 10.01, 191.73, 2763.74

